1 0.0891972270057296 87
2 8.76005375259843 23
3 24.083683403042073 1
4 21.627183902827852 3
5 9.327681686166926 17
6 6.3255327449054075 39
7 23.743389608248116 2
8 8.188207980868302 26
9 10.37537512695071 12
10 6.3255327449054075 40
11 6.3255327449054075 41
12 6.3255327449054075 42
13 7.789109669304991 28
14 12.2519863085243 8
15 9.853310077082318 13
16 9.549797096441655 15
17 9.26456986509392 18
18 9.568054587408774 14
19 11.237871658818776 9
20 9.26456986509392 19
21 12.35840653418939 6
22 9.26456986509392 20
23 9.26456986509392 21
24 9.26456986509392 22
25 9.380668773305507 16
26 0.8522419513409251 70
27 2.022752095534803 60
28 0.3221312498570627 78
29 1.113427415006632 68
30 0.3221312498570627 79
31 4.763340791184188 47
32 6.595954962437999 37
33 5.940914361791151 43
34 5.316394737410248 46
35 0.2690197573609356 80
36 8.720489318726528 24
37 12.263543316682112 7
38 0.035295163294455055 91
39 0.035295163294455055 92
40 0.035295163294455055 93
41 7.68106768196495 29
42 0.23014962523194651 81
43 3.3436980457593433 56
44 5.452650450537993 45
45 10.672795301015782 10
46 0.840805949712824 71
47 0.8239058228707584 72
48 0.05940531793773508 90
49 0.03351741974990281 94
50 13.771486380562049 5
51 1.722160717832441 66
52 15.33714855996865 4
53 0.0241647835241845 95
54 6.652384648428283 35
55 7.646300227650399 30
56 6.963571079786972 32
57 10.484684078147472 11
58 1.8144207142565871 65
59 1.4799461949873374 67
60 1.8419932653434568 61
61 1.8340098009868375 62
62 1.8340098009868375 63
63 1.8340098009868375 64
64 2.239093977048055 59
65 8.12711658776333 27
66 4.6117421158943115 48
67 4.5956097237935705 49
68 6.814598885964408 33
69 4.496607515451098 51
70 4.496607515451098 52
71 4.496607515451098 53
72 4.545141419760011 50
73 4.496607515451098 54
74 1.0491820822670201 69
75 0.06166419210046756 88
76 0.06166419210046756 89
77 0.11571738163355838 82
78 8.522706126508666 25
79 6.744107331595028 34
80 0.09743706054396527 84
81 5.918086514693845 44
82 0.09743706054396527 85
83 6.600083549259366 36
84 0.09743706054396527 86
85 0.10378429594001297 83
86 6.567387585782961 38
87 7.302948432273883 31
88 0.7719740128951416 74
89 0.5384923751765276 76
90 0.5384923751765276 77
91 0.7566708737855703 75
92 3.9332901042056894 55
93 2.738553804243762 57
94 0.011931791322151128 96
95 0.011931791322151128 97
96 0.011931791322151128 98
97 0.011931791322151128 99
98 2.6070605342921715 58
99 0.7925934982973041 73
100 0.004097301369097972 100
