3 0.046693369408465045
7 0.04603360887259471
4 0.0419307159266175
52 0.02973561524615732
50 0.026700114351694445
21 0.023960439603188107
37 0.023776519096336424
14 0.023754112405377302
19 0.021787950121610736
45 0.02069238186166789
57 0.020327672416178392
9 0.02011574456641943
15 0.01910356649461857
18 0.018550514051094213
16 0.01851511648520146
25 0.018187211025830038
5 0.018084479828436546
17 0.017962118828830042
20 0.017962118828830042
22 0.017962118828830042
23 0.017962118828830042
24 0.017962118828830042
2 0.01698396458144864
36 0.01690725718186606
78 0.016523795752712428
8 0.015875271803138368
65 0.015756828002902734
13 0.015101501255657807
41 0.014892029791427546
55 0.014824622760678413
87 0.014158933382925246
56 0.013500949642508838
68 0.013212122823066932
79 0.013075454019825208
54 0.012897622371045959
83 0.012796221164964061
32 0.01278821667385866
86 0.01273283033411729
6 0.012263922931568779
10 0.012263922931568779
11 0.012263922931568779
12 0.012263922931568779
33 0.011518226023687485
81 0.011473967465746972
44 0.010571581492806218
34 0.010307409346020566
31 0.009235150099717697
66 0.008941231066292353
67 0.008909953635377986
72 0.008812105846722864
69 0.008718008466151714
70 0.008718008466151714
71 0.008718008466151714
73 0.008718008466151714
92 0.007625850446246018
43 0.006482751223232019
93 0.005309499476743635
98 0.005054560739764511
64 0.00434114833935111
27 0.003921705381936021
60 0.003571250732175079
61 0.003555772416664759
62 0.003555772416664759
63 0.003555772416664759
58 0.0035177931571070413
51 0.0033389197670793272
59 0.0028693150142667678
29 0.002158709559844572
74 0.0020341509113945794
26 0.0016523240068139417
46 0.0016301519229328988
47 0.001597386010323916
99 0.0015366777742174167
88 0.0014967007809650467
91 0.001467031103134035
89 0.0010440273182873408
90 0.0010440273182873408
28 0.0006245470510414725
30 0.0006245470510414725
35 0.0005215746569332136
42 0.00044621336737957836
77 0.0002243524944740626
85 0.00020121666557501618
80 0.00018891066561187498
82 0.00018891066561187498
84 0.00018891066561187498
1 0.00017293530234096854
75 0.00011955434112117546
76 0.00011955434112117546
48 0.00011517484302021712
38 6.843015125468377e-05
39 6.843015125468377e-05
40 6.843015125468377e-05
49 6.498346767849928e-05
53 4.685060606750102e-05
94 2.313331937587034e-05
95 2.313331937587034e-05
96 2.313331937587034e-05
97 2.313331937587034e-05
100 7.943834969236286e-06
