1 112
2 94
3 32
4 30
5 17
6 149
7 89
8 16
9 50
10 15
11 5
12 7
13 111
14 132
15 6
16 105
17 24
18 27
19 37
20 29
21 29
22 148
23 30
24 83
25 79
26 22
27 24
28 21
29 92
30 18
31 42
32 59
33 70
34 112
35 156
36 22
37 30
38 77
39 138
40 184
41 120
42 114
43 105
44 34
45 65
46 42
47 17
48 39
49 22
50 74
51 169
52 32
53 6
54 6
55 140
56 26
57 80
58 8
59 49
60 104
61 47
62 52
63 41
64 108
65 28
66 18
67 133
68 40
69 18
70 18
71 41
72 78
73 64
74 14
75 19
76 16
77 83
78 35
79 57
80 52
81 9
82 12
83 17
84 63
85 75
86 18
87 41
88 17
89 63
90 44
91 101
92 57
93 35
94 56
95 91
96 30
97 5
98 38
99 44
100 11
