1 3
2 49
3 83
4 47
5 34
6 24
7 144
8 55
9 47
10 20
11 20
12 20
13 40
14 85
15 34
16 30
17 27
18 32
19 64
20 27
21 52
22 27
23 27
24 27
25 30
26 23
27 41
28 13
29 32
30 15
31 72
32 66
33 25
34 10
35 5
36 80
37 41
38 20
39 20
40 20
41 34
42 24
43 27
44 47
45 115
46 29
47 17
48 14
49 8
50 44
51 22
52 47
53 19
54 43
55 63
56 33
57 106
58 24
59 10
60 14
61 10
62 10
63 10
64 26
65 71
66 26
67 25
68 25
69 24
70 22
71 22
72 29
73 22
74 22
75 7
76 7
77 12
78 59
79 36
80 19
81 29
82 19
83 43
84 19
85 23
86 48
87 59
88 15
89 8
90 8
91 13
92 62
93 48
94 15
95 15
96 15
97 15
98 24
99 12
100 3
