1 4.197595556419869e-06 300
2 0.003990056360107798 298
3 0.10328498129460775 251
4 2.1123487369206266 154
5 21.591577262375104 44
6 38.6061400649665 28
7 18.76741604533884 53
8 16.097128658101937 63
9 50.596743158206245 15
10 55.484301378331914 10
11 25.023486892392665 40
12 16.097128658101937 64
13 16.097128658101937 65
14 16.097128658101937 66
15 19.378639645359943 51
16 44.5202760280698 20
17 21.20889693600714 46
18 11.724668951043283 87
19 11.500572742301493 91
20 20.687412622737174 47
21 35.28076133981915 29
22 11.500572742301493 92
23 12.960606255124036 82
24 11.500572742301493 93
25 11.500572742301493 94
26 11.500572742301493 95
27 11.522526178424028 89
28 8.886493832364899 107
29 11.517810419758984 90
30 0.22361009024020978 233
31 2.152057849264415 153
32 0.2105209343723546 236
33 13.40887028761084 81
34 61.36368520743643 7
35 43.67828490049934 21
36 24.260078109700896 41
37 0.09345162385433063 256
38 69.00664509709596 4
39 53.13617889356836 12
40 0.22494151385076805 230
41 0.22494151385076805 231
42 0.22494151385076805 232
43 45.934061892401374 19
44 0.41111655940956815 211
45 14.97246091261264 68
46 7.204598515479633 114
47 71.64258254360055 3
48 32.15313605263061 35
49 16.282559649873615 62
50 0.29900751194608277 219
51 0.2789678045786665 220
52 15.789657075443268 67
53 2.4807123115132548 152
54 14.253795874012114 73
55 0.08040058701511087 259
56 14.160907898124814 75
57 14.872717129182238 70
58 14.288342779799352 72
59 52.63528041764867 13
60 4.885792902491249 122
61 4.377763351881242 126
62 5.675833752935195 117
63 3.4395862290139 139
64 3.4395862290139 140
65 3.4395862290139 141
66 14.15520695010493 76
67 64.63038814136462 5
68 8.835386249793581 109
69 0.9285785012797481 186
70 1.6905739713491406 162
71 1.0948422924786254 179
72 0.8405431604549215 189
73 0.8405431604549215 190
74 0.9683629866185047 181
75 0.8405431604549215 191
76 0.00710132294109477 291
77 0.0013250829658040723 299
78 0.2514162091731778 225
79 40.76475589518081 25
80 47.30114045782624 17
81 31.120768081643487 36
82 0.009206904985538758 286
83 0.009206904985538758 287
84 0.009206904985538758 288
85 0.009206904985538758 289
86 38.740517561290325 27
87 7.1649458148988625 115
88 0.044544316585564236 269
89 0.044544316585564236 270
90 0.044544316585564236 271
91 48.12161137023957 16
92 6.956312688925153 116
93 1.8474182965553736 159
94 1.8474182965553736 160
95 3.00076312771454 146
96 13.822740956850684 78
97 76.0966388545976 1
98 1.242676577843422 176
99 0.9629697463243988 182
100 0.9629697463243988 183
101 10.671502767741242 98
102 33.38802236360186 30
103 7.994257700086512 110
104 0.21484549630989186 234
105 0.03789895323612513 276
106 28.48993486869365 38
107 20.246733855947834 50
108 2.7115214780465813 151
109 0.2104765338988667 238
110 2.7119903121328623 150
111 0.2104765338988667 239
112 3.980959764782326 132
113 0.2104765338988667 240
114 0.2104930538463731 237
115 13.866480499187016 77
116 10.63795566497645 100
117 2.8601963399838266 147
118 0.10626528475340857 250
119 0.12483537280285523 249
120 4.081029131311278 131
121 0.19704068804669278 241
122 0.15341613823218325 244
123 0.15341613823218325 245
124 0.15861296589907634 242
125 0.34579476372935214 217
126 1.445910594017997 165
127 32.17820713915733 34
128 0.9484364116906552 184
129 0.2724304735555663 221
130 0.6872072407232644 192
131 0.2724304735555663 222
132 0.49743584572490873 200
133 42.240205604841634 23
134 0.6154707260938103 195
135 11.179956790893511 97
136 0.6154707260938103 196
137 20.667382466402938 48
138 73.13030076802282 2
139 4.28859016881467 127
140 0.15764553140271673 243
141 3.031945159608547 145
142 13.776151489405727 79
143 0.09609025458089393 255
144 1.5650783239631323 163
145 12.188463298968557 86
146 0.8529364029797776 187
147 0.8529364029797776 188
148 2.023967420650923 156
149 14.180848747718308 74
150 1.8498430311490408 158
151 0.013090000050771747 282
152 0.013090000050771747 283
153 0.9350131940872815 185
154 0.013090000050771747 284
155 0.013090000050771747 285
156 7.586750470666082 112
157 46.67336454592733 18
158 60.10018654421345 8
159 9.21349406702691 105
160 4.166910119106603 128
161 4.166910119106603 129
162 4.166910119106603 130
163 55.06577090427539 11
164 57.42780583738102 9
165 4.48587348226835 124
166 0.10131582952461413 252
167 0.3765231048328626 215
168 26.947778937420967 39
169 9.596180541948378 103
170 2.8255563172082314 148
171 17.25268828239332 56
172 13.581694935480819 80
173 11.55236904539547 88
174 30.55696578197961 37
175 3.4005163484558887 142
176 0.4699592283058789 206
177 0.4699592283058789 207
178 0.4699592283058789 208
179 11.228789906741113 96
180 9.581882587130535 104
181 3.856812753874979 133
182 3.856812753874979 134
183 3.856812753874979 135
184 3.856812753874979 136
185 3.856812753874979 137
186 3.856812753874979 138
187 16.76401777778058 61
188 4.804578474089674 123
189 0.014142116713817899 280
190 7.896471261147918 111
191 0.014142116713817899 281
192 61.934465589382754 6
193 8.842535998938601 108
194 0.005587190959611521 296
195 17.09417125399027 57
196 0.21054471638659278 235
197 0.005587190959611521 297
198 0.05275317087492479 262
199 0.40735885859378657 212
200 10.643636329501744 99
201 42.314585844563666 22
202 12.220037910968339 85
203 32.88256673646236 31
204 1.3725350012155773 166
205 0.5781196477185621 198
206 0.5699407620053725 199
207 0.6750786402821445 193
208 1.0978801181124895 178
209 0.58248011437369 197
210 1.539868388137219 164
211 0.025442564340830767 278
212 0.025442564340830767 279
213 0.03616137394933924 277
214 0.04602661063734022 268
215 23.42457703622216 42
216 16.823110588846323 59
217 0.44759343894761167 209
218 0.3901733164974915 214
219 0.6284910023091852 194
220 4.478399843815152 125
221 21.222501485210934 45
222 51.89017993909204 14
223 41.28163900020065 24
224 20.347771499451976 49
225 4.92828622883513 120
226 5.558001893981931 118
227 4.92828622883513 121
228 4.935063208468025 119
229 21.611229345053218 43
230 16.84962370500636 58
231 1.3294691856155691 168
232 16.809069091564663 60
233 9.880544632697859 102
234 1.3294691856155691 169
235 1.3294691856155691 170
236 1.3294691856155691 171
237 1.3294691856155691 172
238 1.3294691856155691 173
239 32.56104765635901 32
240 2.0749022595355178 155
241 0.4825913554560672 202
242 0.4825913554560672 203
243 0.4839715031925899 201
244 0.4825913554560672 204
245 0.4825913554560672 205
246 0.0722487675087091 260
247 1.3224611264885853 174
248 12.906696077260204 83
249 1.3444365959246136 167
250 32.436705071351156 33
251 1.1342358982240024 177
252 1.274109222237685 175
253 0.229067664611528 229
254 1.9692038989713088 157
255 3.0957851672626706 144
256 14.341505070842977 71
257 0.1368791130445921 247
258 0.008210028773974745 290
259 0.40213915094653524 213
260 0.047910642782523806 263
261 0.09628201280628626 254
262 0.3543748762395707 216
263 0.4370235936892965 210
264 14.949346954089954 69
265 0.08826894559782225 257
266 0.05296323923209089 261
267 0.04783551249621084 264
268 0.04783551249621084 265
269 0.04783551249621084 266
270 1.0281767578680714 180
271 0.04783551249621084 267
272 18.790563475423966 52
273 0.3366564600295791 218
274 0.006781783531553366 292
275 0.006781783531553366 293
276 0.006781783531553366 294
277 0.006781783531553366 295
278 2.7529652931829234 149
279 10.342000865329359 101
280 12.463549953447442 84
281 0.13448828528054266 248
282 3.1820721077891303 143
283 0.14578663527907315 246
284 18.291310231128374 54
285 0.08484337543244075 258
286 0.041134511088960476 272
287 0.041134511088960476 273
288 0.041134511088960476 274
289 0.041134511088960476 275
290 1.8304194268159943 161
291 40.59303740518675 26
292 9.183391996332329 106
293 17.906366654272656 55
294 7.39742564256085 113
295 0.24484175156558274 226
296 0.24484175156558274 227
297 0.24484175156558274 228
298 0.1007585681701663 253
299 0.2620599652209515 223
300 0.25177292331476264 224
