97 0.024354965272022452
138 0.023405579567594047
47 0.022929430735848765
38 0.022085790780981503
67 0.020685156169748028
192 0.019822317795834574
34 0.01963963776437068
158 0.01923525109858323
164 0.018379947365222683
10 0.0177579227355067
163 0.01762397075925179
39 0.017006398851775847
59 0.016846084741067975
222 0.016607613022046476
9 0.01619364456885077
91 0.01540147096372228
80 0.015138876703590595
157 0.014937955075999067
43 0.014701338968860049
16 0.014248852418256096
35 0.013979370546520434
201 0.013542914434283139
133 0.013519108807876745
223 0.013212316593156723
79 0.013046886552330515
291 0.012991927517039079
86 0.01239902279558299
6 0.012356014861125314
21 0.011291717086790791
102 0.010685940107299532
203 0.010524167466210179
239 0.010421264287461745
250 0.010381468057493083
127 0.010298734992587289
48 0.01029071091358878
81 0.009960298342681643
174 0.009779851668094116
106 0.009118292013593885
168 0.008624720224937672
11 0.008008844587914555
36 0.007764513239373112
215 0.007497108529577803
229 0.006916740977090912
5 0.0069104512670806854
221 0.006792327419945288
17 0.006787973241779376
20 0.0066210705699824976
137 0.006614659856326069
224 0.006512367375109891
107 0.006480029963947588
15 0.006202193719535928
272 0.006013978117484677
7 0.006006569710696344
284 0.005854190568260628
293 0.005730988182621454
171 0.005521776392379137
195 0.005471042525813003
230 0.00539277432431935
216 0.005384288719264381
232 0.005379794694510994
187 0.005365375881811962
49 0.005211283714777983
8 0.005151935950764579
12 0.005151935950764579
13 0.005151935950764579
14 0.005151935950764579
52 0.005053528717140314
45 0.004791982550768901
264 0.004784584856657934
57 0.004760059243535985
256 0.004590043176759987
58 0.0045730284206336015
54 0.004561971576292398
149 0.004538624622283376
56 0.004532242491526298
66 0.004530417885431577
115 0.004438010089357214
96 0.0044240111131783715
142 0.004409100009629737
172 0.004346863586457255
33 0.004291550521906985
23 0.004148082228060611
248 0.004130828108437917
280 0.003988997817135385
202 0.003911061032710122
145 0.003900955480213886
18 0.003752516660745608
173 0.003697371541570982
27 0.0036878202394419117
29 0.0036863109462556796
19 0.0036807939741243653
22 0.0036807939741243653
24 0.0036807939741243653
25 0.0036807939741243653
26 0.0036807939741243653
179 0.0035938090346942196
135 0.003578179844515853
101 0.003415447557483369
200 0.0034065288174996663
116 0.003404710703200296
279 0.0033099894516971126
233 0.003162298953280053
169 0.003071287344107049
180 0.0030667112393238287
159 0.002948807350942122
292 0.0029391730898575643
28 0.0028441499116779
193 0.0028300810707587044
68 0.0028277927713705625
103 0.0025585869703552843
190 0.0025272901172974926
156 0.0024281630177337156
294 0.0023675690193253884
46 0.002305854099267744
87 0.0022931631294677264
92 0.0022263894504437128
62 0.0018165681956944632
226 0.0017788557437919807
228 0.001579482285507182
225 0.0015773132921575058
227 0.0015773132921575058
60 0.001563713171272069
188 0.001537720241583191
165 0.0014357177205170507
220 0.001433325759351314
61 0.0014011167379931984
139 0.0013725765841904546
160 0.0013336325069020938
161 0.0013336325069020938
162 0.0013336325069020938
120 0.0013061460304063482
112 0.0012741185192929757
181 0.001234384883421736
182 0.001234384883421736
183 0.001234384883421736
184 0.001234384883421736
185 0.001234384883421736
186 0.001234384883421736
63 0.0011008502401509018
64 0.0011008502401509018
65 0.0011008502401509018
175 0.0010883458037067295
282 0.0010184320469969511
255 0.0009908156440705815
141 0.0009703834516270663
95 0.0009604035456112336
117 0.0009154147092432732
170 0.000904328062521153
278 0.0008810950801475812
110 0.0008679809103824376
108 0.0008678308585790783
53 0.0007939596689970434
31 0.000688772789063225
4 0.0006760637645034974
240 0.0006640789032796458
148 0.000647777050124992
254 0.0006302498151674908
150 0.0005920479992344056
93 0.0005912719554076149
94 0.0005912719554076149
290 0.0005858314144271218
70 0.0005410734426873541
144 0.0005009081715284488
210 0.000492839653381107
126 0.00046276816997193893
204 0.00043928408392798584
249 0.0004302911021700368
231 0.0004255007360806039
234 0.0004255007360806039
235 0.0004255007360806039
236 0.0004255007360806039
237 0.0004255007360806039
238 0.0004255007360806039
247 0.0004232577850221727
252 0.0004077826081077632
98 0.0003977224927839724
251 0.0003630157169531512
208 0.0003513799367744097
71 0.00035040767125875936
270 0.00032907116014973083
74 0.00030992757715448955
99 0.0003082014538717306
100 0.0003082014538717306
128 0.00030355001504842283
153 0.00029925387262360904
69 0.00029719442923396004
146 0.00027298494107616105
147 0.00027298494107616105
72 0.00026901844536959823
73 0.00026901844536959823
75 0.00026901844536959823
130 0.00021994280870246704
207 0.00021606101251556666
219 0.00020115049449511893
134 0.00019698331471121924
136 0.00019698331471121924
209 0.00018642456711289793
205 0.0001850289862363447
206 0.00018241130849778927
132 0.00015920588517501002
243 0.00015489658058914226
241 0.00015445486002566903
242 0.00015445486002566903
244 0.00015445486002566903
245 0.00015445486002566903
176 0.00015041190855389033
177 0.00015041190855389033
178 0.00015041190855389033
217 0.00014325366830437297
263 0.00013987075654806267
44 0.00013157912987859174
199 0.0001303764660783432
259 0.0001287058824574053
218 0.0001248761800310724
167 0.0001205073874529531
262 0.00011341877820101046
125 0.0001106726865816985
273 0.00010774794414099188
50 9.56982815421775e-05
51 8.928451104795773e-05
129 8.719221797909375e-05
131 8.719221797909375e-05
299 8.387310462343858e-05
300 8.058070495706446e-05
78 8.046653748973468e-05
295 7.836236194235848e-05
296 7.836236194235848e-05
297 7.836236194235848e-05
253 7.331381649085784e-05
40 7.199322914300593e-05
41 7.199322914300593e-05
42 7.199322914300593e-05
30 7.156710288716095e-05
104 6.876196741719433e-05
196 6.738548946427576e-05
32 6.737787795686114e-05
114 6.736895470805191e-05
109 6.736366744761742e-05
111 6.736366744761742e-05
113 6.736366744761742e-05
121 6.306348331260983e-05
124 5.0764571659278885e-05
140 5.0454941248311384e-05
122 4.910131084701478e-05
123 4.910131084701478e-05
283 4.665946476468203e-05
257 4.3808584647689234e-05
281 4.30433928068765e-05
119 3.995394823078737e-05
118 3.401053395717065e-05
3 3.3056678592049e-05
166 3.242644546092249e-05
298 3.224809223613749e-05
261 3.081535680830989e-05
143 3.075398399355287e-05
37 2.9909482046049867e-05
265 2.8250749796462456e-05
285 2.7154385440946614e-05
55 2.573245722908742e-05
246 2.312344211395773e-05
266 1.6951048976763797e-05
198 1.688381594754542e-05
260 1.5333949812924506e-05
267 1.5309904131780483e-05
268 1.5309904131780483e-05
269 1.5309904131780483e-05
271 1.5309904131780483e-05
214 1.4730959481709004e-05
88 1.425654667324173e-05
89 1.425654667324173e-05
90 1.425654667324173e-05
286 1.316522784886085e-05
287 1.316522784886085e-05
288 1.316522784886085e-05
289 1.316522784886085e-05
105 1.2129677523280823e-05
213 1.1573559883605346e-05
211 8.142971625016681e-06
212 8.142971625016681e-06
189 4.526228314709769e-06
191 4.526228314709769e-06
151 4.189495113660417e-06
152 4.189495113660417e-06
154 4.189495113660417e-06
155 4.189495113660417e-06
82 2.9466984949764193e-06
83 2.9466984949764193e-06
84 2.9466984949764193e-06
85 2.9466984949764193e-06
258 2.6276451717470192e-06
76 2.272800431386334e-06
274 2.1705308523410137e-06
275 2.1705308523410137e-06
276 2.1705308523410137e-06
277 2.1705308523410137e-06
194 1.7881977947738882e-06
197 1.7881977947738882e-06
2 1.2770299128391328e-06
77 4.240969128264838e-07
1 1.3434534762822185e-09
