1 5
2 9
3 15
4 41
5 96
6 180
7 52
8 25
9 286
10 102
11 48
12 20
13 20
14 20
15 63
16 189
17 44
18 29
19 27
20 51
21 135
22 27
23 86
24 27
25 27
26 27
27 30
28 40
29 86
30 17
31 53
32 20
33 119
34 149
35 81
36 10
37 5
38 243
39 61
40 20
41 20
42 20
43 55
44 26
45 49
46 82
47 328
48 50
49 27
50 16
51 8
52 102
53 30
54 92
55 22
56 83
57 105
58 46
59 247
60 33
61 10
62 15
63 10
64 10
65 10
66 33
67 181
68 30
69 25
70 31
71 26
72 22
73 22
74 33
75 22
76 10
77 6
78 16
79 164
80 104
81 103
82 16
83 16
84 16
85 16
86 78
87 25
88 7
89 7
90 7
91 99
92 33
93 16
94 16
95 36
96 86
97 158
98 25
99 8
100 8
101 14
102 168
103 53
104 28
105 9
106 45
107 116
108 51
109 19
110 33
111 19
112 62
113 19
114 24
115 101
116 80
117 99
118 25
119 30
120 99
121 27
122 13
123 13
124 19
125 18
126 37
127 143
128 47
129 13
130 19
131 13
132 44
133 108
134 12
135 14
136 10
137 70
138 178
139 76
140 23
141 22
142 44
143 12
144 46
145 61
146 10
147 10
148 12
149 108
150 20
151 16
152 15
153 23
154 15
155 15
156 22
157 98
158 141
159 32
160 10
161 10
162 10
163 134
164 196
165 72
166 72
167 55
168 83
169 31
170 51
171 35
172 55
173 25
174 49
175 73
176 22
177 22
178 22
179 74
180 51
181 26
182 26
183 26
184 26
185 26
186 26
187 102
188 34
189 9
190 24
191 9
192 122
193 36
194 9
195 36
196 15
197 9
198 6
199 16
200 24
201 89
202 44
203 133
204 33
205 23
206 18
207 49
208 50
209 35
210 58
211 16
212 16
213 18
214 21
215 107
216 134
217 38
218 21
219 37
220 47
221 50
222 107
223 49
224 36
225 24
226 29
227 24
228 28
229 111
230 105
231 32
232 45
233 57
234 32
235 32
236 32
237 32
238 32
239 105
240 34
241 13
242 13
243 19
244 13
245 13
246 23
247 30
248 49
249 27
250 158
251 61
252 40
253 27
254 83
255 105
256 74
257 26
258 32
259 65
260 40
261 57
262 57
263 60
264 87
265 36
266 19
267 15
268 12
269 12
270 29
271 12
272 150
273 14
274 9
275 9
276 9
277 9
278 79
279 50
280 90
281 18
282 60
283 25
284 114
285 31
286 24
287 24
288 24
289 24
290 54
291 75
292 59
293 62
294 36
295 18
296 18
297 18
298 32
299 18
300 10
