1 171
2 233
3 49
4 38
5 17
6 377
7 229
8 20
9 120
10 15
11 5
12 7
13 299
14 288
15 6
16 233
17 24
18 29
19 51
20 37
21 34
22 359
23 38
24 205
25 174
26 22
27 24
28 27
29 176
30 19
31 73
32 99
33 129
34 258
35 417
36 22
37 39
38 173
39 313
40 505
41 254
42 250
43 227
44 56
45 152
46 78
47 19
48 111
49 32
50 171
51 461
52 67
53 6
54 6
55 373
56 62
57 221
58 10
59 87
60 295
61 83
62 114
63 79
64 293
65 40
66 25
67 346
68 59
69 19
70 18
71 78
72 151
73 155
74 19
75 28
76 21
77 164
78 51
79 136
80 123
81 16
82 18
83 70
84 103
85 146
86 21
87 75
88 18
89 109
90 66
91 244
92 109
93 53
94 99
95 231
96 76
97 5
98 70
99 76
100 22
101 39
102 352
103 152
104 2
105 189
106 18
107 10
108 265
109 71
110 202
111 86
112 26
113 23
114 32
115 23
116 26
117 27
118 52
119 37
120 25
121 49
122 342
123 43
124 12
125 26
126 207
127 30
128 7
129 125
130 48
131 66
132 171
133 40
134 43
135 173
136 70
137 353
138 59
139 8
140 133
141 79
142 61
143 20
144 37
145 82
146 129
147 5
148 61
149 264
150 63
151 55
152 39
153 137
154 39
155 205
156 111
157 74
158 15
159 307
160 93
161 116
162 38
163 35
164 124
165 147
166 184
167 53
168 9
169 245
170 56
171 18
172 18
173 18
174 18
175 28
176 29
177 34
178 43
179 157
180 123
181 173
182 101
183 42
184 28
185 23
186 23
187 23
188 80
189 57
190 64
191 26
192 18
193 18
194 18
195 18
196 18
197 18
198 64
199 21
200 17
201 81
202 5
203 145
204 151
205 106
206 55
207 24
208 66
209 34
210 148
211 87
212 26
213 26
214 56
215 31
216 26
217 90
218 145
219 78
220 56
221 151
222 23
223 33
224 25
225 53
226 23
227 35
228 397
229 157
230 48
231 25
232 20
233 37
234 28
235 84
236 175
237 19
238 198
239 48
240 10
241 22
242 248
243 146
244 18
245 18
246 18
247 66
248 96
249 212
250 35
251 18
252 28
253 47
254 91
255 52
256 57
257 29
258 34
259 115
260 47
261 142
262 62
263 71
264 25
265 32
266 23
267 89
268 75
269 16
270 16
271 16
272 16
273 16
274 16
275 63
276 41
277 8
278 76
279 117
280 101
281 208
282 186
283 118
284 35
285 37
286 26
287 71
288 58
289 241
290 121
291 40
292 25
293 29
294 177
295 20
296 18
297 19
298 18
299 33
300 258
