1 0.02246471452408537 95
2 0.4575783146985032 77
3 8.962169771754947 13
4 21.188261505499995 2
5 21.374325965638597 1
6 17.80143755640094 3
7 5.9206321144518785 35
8 5.422659890161071 47
9 7.139075188646382 17
10 10.585240751141045 11
11 5.422659890161071 48
12 5.422659890161071 49
13 5.422659890161071 50
14 6.162362245613422 30
15 14.198210182443244 5
16 6.589900283568606 19
17 6.577059747779836 20
18 6.295969312712761 24
19 6.30775012569442 23
20 12.127653805095527 7
21 6.295969312712761 25
22 6.295969312712761 26
23 6.295969312712761 27
24 6.295969312712761 28
25 6.427934872100234 21
26 0.8937441262453283 71
27 6.414184417312938 22
28 0.3877285048102065 78
29 1.072095204024264 68
30 0.3877285048102065 79
31 2.8810335218992478 57
32 9.767505720268248 12
33 5.591482117122489 39
34 4.829660895041332 53
35 0.27510925781485435 80
36 6.05350790539576 33
37 11.299141386139535 9
38 0.036827478924111444 90
39 0.036827478924111444 91
40 0.036827478924111444 92
41 7.16768099983152 16
42 0.2511581237613353 81
43 3.1261522235875994 56
44 5.01036920342274 52
45 7.744780054807192 14
46 0.9090512423461957 70
47 0.9482736257041313 69
48 0.06845544305635096 87
49 0.03095518571404375 93
50 15.923727465409767 4
51 1.6510523778453674 66
52 13.841886089914782 6
53 0.027730675267588246 94
54 6.080653710190416 32
55 10.783427779172303 10
56 6.246577522117826 29
57 12.055860969600694 8
58 1.7380080912941824 65
59 1.5042883161309584 67
60 1.7561045254505914 61
61 1.7485026239019315 62
62 1.7485026239019315 63
63 1.7485026239019315 64
64 2.0202824298510604 60
65 7.099802734508475 18
66 5.631825296007977 38
67 5.813212413373943 36
68 5.512691791221934 42
69 5.50221327620491 43
70 5.50221327620491 44
71 5.50221327620491 45
72 5.551180948955428 41
73 5.50221327620491 46
74 5.764200472556405 37
75 0.049483487534017115 88
76 0.049483487534017115 89
77 0.08837456765060156 86
78 7.444260390641221 15
79 6.105666062535119 31
80 0.09447150787351627 83
81 5.302783035535102 51
82 0.09447150787351627 84
83 6.034199009004418 34
84 0.09447150787351627 85
85 0.10534680833738574 82
86 5.571753214765916 40
87 4.347865517258553 54
88 0.8070490021889455 73
89 0.5511073212938985 75
90 0.5511073212938985 76
91 0.7885942513334259 74
92 3.511889002250511 55
93 2.699425188552323 58
94 0.009935217179643813 96
95 0.009935217179643813 97
96 0.009935217179643813 98
97 0.009935217179643813 99
98 2.658547455413728 59
99 0.845540975876118 72
100 0.0038563552426446306 100
