5 0.046032699686453515
4 0.045631982984104556
6 0.038337968193163416
50 0.034294048171742635
15 0.030577897355184704
52 0.029810501930936963
20 0.0261186549886397
57 0.025964038742902387
37 0.024334333769359614
55 0.023223669993018583
10 0.02279684558892837
32 0.02103573503228324
3 0.019301327691241717
45 0.016679503015613478
78 0.016032290491921963
41 0.015436636806417554
9 0.015375030058317534
65 0.015290451153224267
16 0.014192302541135375
17 0.014164648591779131
25 0.01384348662255613
27 0.013813873031147759
19 0.013584651403748043
18 0.013559279720593273
21 0.013559279720593273
22 0.013559279720593273
23 0.013559279720593273
24 0.013559279720593273
56 0.01345290736213444
14 0.013271537594565116
79 0.013149434171364431
54 0.013095566456153836
36 0.013037104042795476
83 0.012995519544164343
7 0.012750936825641926
67 0.012519592976573726
74 0.012414038679501109
66 0.012128949607789978
33 0.012042064742226587
86 0.011999575700055928
72 0.011955270352816136
68 0.011872378389720845
69 0.01184981139342285
70 0.01184981139342285
71 0.01184981139342285
73 0.01184981139342285
8 0.011678481680631736
11 0.011678481680631736
12 0.011678481680631736
13 0.011678481680631736
81 0.01142030955126377
44 0.01079055410824149
34 0.010401372652697994
87 0.009363756684295059
92 0.00756336045555983
43 0.00673262056141041
31 0.006204722016188792
93 0.005813602226823001
98 0.005725566121429223
64 0.004350970155721303
60 0.0037820248632890094
61 0.0037656530697831926
62 0.0037656530697831926
63 0.0037656530697831926
58 0.003743051577288935
51 0.0035557798827500976
59 0.003239702267553043
29 0.00230891194611112
47 0.002042244284231329
46 0.0019577732137982615
26 0.0019248071273041342
99 0.0018209946773371057
88 0.001738096649678644
91 0.0016983516768881031
89 0.0011868892547494156
90 0.0011868892547494156
2 0.0009854610235387792
28 0.0008350293642241006
30 0.0008350293642241006
35 0.0005924875416568929
42 0.0005409053133888262
85 0.00022687957500588116
80 0.0002034580439102083
82 0.0002034580439102083
84 0.0002034580439102083
77 0.00019032740209540304
48 0.00014742868884763804
75 0.00010656984106790855
76 0.00010656984106790855
38 7.93132976566435e-05
39 7.93132976566435e-05
40 7.93132976566435e-05
49 6.666646564685713e-05
53 5.9722016439142265e-05
1 4.838100901481392e-05
94 2.139692589536932e-05
95 2.139692589536932e-05
96 2.139692589536932e-05
97 2.139692589536932e-05
100 8.305218281704873e-06
