1 4
2 21
3 54
4 142
5 81
6 48
7 34
8 25
9 55
10 46
11 20
12 20
13 20
14 41
15 84
16 35
17 29
18 27
19 32
20 65
21 27
22 27
23 27
24 27
25 30
26 21
27 41
28 13
29 35
30 15
31 74
32 66
33 26
34 10
35 5
36 80
37 41
38 20
39 20
40 20
41 35
42 25
43 27
44 47
45 113
46 30
47 18
48 15
49 8
50 43
51 22
52 45
53 19
54 41
55 61
56 32
57 104
58 25
59 10
60 15
61 10
62 10
63 10
64 25
65 71
66 26
67 26
68 26
69 25
70 22
71 22
72 29
73 22
74 25
75 7
76 7
77 12
78 57
79 36
80 19
81 27
82 19
83 43
84 19
85 23
86 46
87 59
88 16
89 8
90 8
91 13
92 62
93 49
94 16
95 16
96 16
97 16
98 24
99 12
100 3
