1 170
2 94
3 34
4 30
5 17
6 150
7 90
8 16
9 50
10 13
11 5
12 7
13 111
14 132
15 6
16 104
17 24
18 27
19 39
20 29
21 29
22 147
23 30
24 83
25 81
26 22
27 26
28 21
29 91
30 18
31 44
32 59
33 69
34 112
35 156
36 22
37 30
38 77
39 138
40 184
41 120
42 115
43 104
44 34
45 64
46 44
47 19
48 41
49 24
50 75
51 170
52 34
53 6
54 6
55 139
56 28
57 80
58 8
59 48
60 104
61 49
62 52
63 43
64 108
65 30
66 16
67 132
68 40
69 18
70 18
71 38
72 77
73 64
74 14
75 19
76 16
77 82
78 35
79 59
80 54
81 9
82 12
83 15
84 65
85 74
86 18
87 43
88 15
89 63
90 43
91 101
92 57
93 37
94 58
95 91
96 32
97 5
98 40
99 46
100 11
