1 0.12925811304286008 167
2 17.509180811320807 16
3 49.23912792204134 1
4 36.47344290530668 2
5 9.87932888466551 37
6 6.850781165354451 55
7 35.21845564012348 3
8 10.150811846058694 34
9 13.257929797949567 21
10 6.850781165354451 56
11 6.850781165354451 57
12 6.850781165354451 58
13 9.703546226753575 39
14 19.298386667153487 12
15 8.061853039562058 47
16 6.96242438286283 54
17 6.748541796168567 60
18 7.804962801191054 50
19 13.010719157181246 22
20 6.748541796168567 61
21 12.28587843748242 24
22 6.748541796168567 62
23 6.748541796168567 63
24 6.748541796168567 64
25 6.783393668779571 59
26 1.464337757254013 119
27 2.3432312914838747 107
28 0.31899191782810515 154
29 1.8110005859129246 115
30 0.31899191782810515 155
31 5.280074168229874 80
32 18.030876633446677 15
33 16.335298817417108 19
34 11.049250299232488 28
35 0.38338836113633107 153
36 19.094119679477075 13
37 32.050309156820866 5
38 0.13405419683715852 164
39 0.13405419683715852 165
40 0.13405419683715852 166
41 24.879097301806727 8
42 0.28121841861448665 156
43 3.1262657923198716 98
44 9.922014479197012 36
45 20.468216742604117 11
46 1.436002718406593 120
47 1.6353177935937862 117
48 0.07858722658618997 184
49 0.05666419014682381 186
50 32.789277397748165 4
51 4.914571966731976 84
52 24.633835743238134 9
53 0.008461187305663365 200
54 23.360758620138498 10
55 10.039284083051488 35
56 10.44778776734965 32
57 18.084592727436302 14
58 3.9105477030701947 95
59 1.7226297880909953 116
60 3.099923549669629 99
61 3.097853531379489 100
62 3.097853531379489 101
63 3.097853531379489 102
64 4.000846267345882 94
65 16.91739567971477 17
66 6.73821986131082 65
67 6.391081455506721 67
68 8.141686773868383 46
69 6.455710345287838 66
70 6.3519068956270255 69
71 6.3519068956270255 70
72 6.365925918127247 68
73 6.3519068956270255 71
74 1.3306924809781073 127
75 0.03254910560059702 193
76 0.03254910560059702 194
77 0.08047777603272958 182
78 11.991499422964711 26
79 8.42311801475228 43
80 0.10588818593506837 176
81 7.812366876815448 49
82 0.10588818593506837 177
83 9.221347932433003 40
84 0.10588818593506837 178
85 0.12095269405172113 172
86 12.299210074505 23
87 12.233226370531005 25
88 2.4221525350986757 106
89 1.0566429240296915 133
90 1.0566429240296915 134
91 1.3833659352257353 123
92 9.766813140624008 38
93 4.16594158830531 93
94 0.03708887585783219 189
95 0.03708887585783219 190
96 0.03708887585783219 191
97 0.03708887585783219 192
98 4.339646842216085 91
99 4.501655400345452 90
100 0.123817649101711 169
101 0.123817649101711 170
102 0.123817649101711 171
103 11.928957800533682 27
104 2.10090053777579 111
105 1.4146738516923183 121
106 4.648384708848676 89
107 1.4146738516923183 122
108 2.677749435367137 103
109 2.2372840614355565 108
110 16.735115182650294 18
111 7.989614634223603 48
112 0.04869453611433461 188
113 0.13883889833742905 163
114 2.610506676957059 104
115 0.12822179504480152 168
116 0.021506439709016046 196
117 0.021506439709016046 197
118 0.07235139001203995 185
119 0.2545573121394576 157
120 3.4885173527151956 97
121 10.881030454768721 29
122 2.5510134611312116 105
123 0.1128049767523069 173
124 0.2114744814420894 159
125 0.1128049767523069 174
126 6.283686573148067 73
127 10.61595495143099 31
128 0.5134861012149333 149
129 1.3749534525559686 125
130 0.5134861012149333 150
131 4.771336521133398 87
132 15.480808193048105 20
133 0.81347611710091 142
134 0.054375854637801015 187
135 2.2264932470879852 109
136 4.863030011556402 86
137 8.972339642039966 41
138 8.251530813828076 45
139 0.4849637477651823 151
140 0.4849637477651823 152
141 0.7887317390719214 143
142 5.461756862329582 77
143 4.650725800859952 88
144 0.16375838366504736 162
145 2.020206420301542 112
146 4.3042631112341745 92
147 0.19928434838567322 160
148 1.629410687216325 118
149 5.390015295573982 78
150 6.079448805895035 74
151 1.2820498670097555 129
152 0.6348322452612919 144
153 0.6348322452612919 145
154 0.6348322452612919 146
155 8.763470829569968 42
156 5.294147470570921 79
157 5.184621993340262 81
158 5.601751356514627 75
159 6.347105791347485 72
160 3.65407109632471 96
161 6.974116821959525 53
162 5.478553635400136 76
163 10.859870594437563 30
164 4.990261177327146 82
165 7.284059060399572 51
166 0.09281297104040515 181
167 0.07947662954488192 183
168 0.11099189164720352 175
169 4.96260019870288 83
170 28.083671810572316 6
171 1.376295312845255 124
172 1.1414072764499936 132
173 0.9585276753870999 136
174 0.9585276753870999 137
175 0.9585276753870999 138
176 0.9585276753870999 139
177 0.9585276753870999 140
178 0.9585276753870999 141
179 8.316530621649608 44
180 1.1514972407954658 131
181 0.021349290243144164 198
182 1.1593627702375457 130
183 0.021349290243144164 199
184 10.151149503940022 33
185 4.896262313746105 85
186 0.5976538451354756 147
187 0.9769442425066681 135
188 0.5976538451354756 148
189 7.113887727311897 52
190 2.2028177042693096 110
191 0.0987198573157774 179
192 1.907393261077765 114
193 0.1703649110171871 161
194 0.0987198573157774 180
195 0.023541636643427306 195
196 0.24019667563650382 158
197 1.3664223004171234 126
198 1.3096931803310625 128
199 1.958532550605285 113
200 25.486474931528768 7
