3 0.042800358419709264
4 0.03170398207741469
7 0.0306131036027379
50 0.028501577590261916
37 0.027859240755569267
170 0.024411301945417328
200 0.02215372830427544
41 0.021625774594587987
52 0.02141258473814024
54 0.020305981931306085
45 0.01779168417001142
14 0.016774827279314345
36 0.01659727132625793
57 0.015719755472400572
32 0.015673063579739462
2 0.015219587470081212
65 0.014705187300762715
110 0.014546742768202461
33 0.014199208511276974
132 0.013456455612663933
9 0.011524252585342298
19 0.011309368519020039
86 0.010690900137418382
21 0.010679311815956001
87 0.010633544812514611
78 0.010423427362589013
103 0.010369064014390885
34 0.009604391731408724
121 0.009458169205945718
163 0.00943977632117086
127 0.0092277563812283
56 0.009081579629996835
184 0.008823731359104758
8 0.008823437855158728
55 0.008726494053919714
44 0.00862455924539395
5 0.008587455445582563
92 0.008489652856948965
13 0.008434659060266565
83 0.008015515572206242
137 0.0077990689264578646
155 0.007617512907623233
79 0.007321666431901369
179 0.007229016971597368
138 0.007172516883367161
68 0.007077036632620493
15 0.007007642380803028
111 0.006944850252456456
81 0.006790780351824385
18 0.00678434447239548
165 0.006331556867315603
189 0.006183638040230694
161 0.006062144319724508
16 0.006051980845973887
6 0.005954936687676575
10 0.005954936687676575
11 0.005954936687676575
12 0.005954936687676575
25 0.005896361137537298
17 0.005866066680622652
20 0.005866066680622652
22 0.005866066680622652
23 0.005866066680622652
24 0.005866066680622652
66 0.005857094496708348
69 0.005611527423264109
67 0.005555349749864222
72 0.005533483683962598
70 0.005521297863193118
71 0.005521297863193118
73 0.005521297863193118
159 0.005517124576771392
126 0.005461998391881797
150 0.005284467838231234
158 0.0048692366407568745
162 0.004762148907023246
142 0.00474754856907956
149 0.00468518831006781
156 0.004601856670288458
31 0.004589623667598008
157 0.004506653325318908
164 0.004337708160382614
169 0.004313664278020747
51 0.004271916472375728
185 0.004256001086717871
136 0.004227114416606993
131 0.004147411253279804
143 0.004042572230437323
106 0.0040405372720332105
99 0.003912995066075439
98 0.003772171606204752
146 0.0037414148395404417
93 0.0036211809725253986
64 0.003477674391302675
58 0.003399183746181917
160 0.003176245380734878
120 0.003032340322638997
43 0.002717458697449238
60 0.002694561106151634
61 0.002692761774431267
62 0.002692761774431267
63 0.002692761774431267
108 0.0023275927179974344
114 0.002269142979292924
122 0.0022174294118853352
88 0.0021054190239430393
27 0.0020368179406949623
109 0.001944724932329281
135 0.0019353451820939027
190 0.0019147655788152894
104 0.001826175641520905
145 0.0017560335148015178
199 0.0017024244473885137
192 0.0016579724025721928
29 0.001574184544821711
59 0.0014973695811894827
47 0.001421474966143967
148 0.0014163403043242252
26 0.001272853186133087
46 0.0012482233872376626
105 0.0012296835962506553
107 0.0012296835962506553
91 0.001202469668979936
171 0.0011963236386803315
129 0.0011951572471589063
197 0.0011877416737179276
74 0.0011566840749586119
198 0.0011384307542320596
151 0.00111440222716445
182 0.001007758345826057
180 0.0010009213547279448
172 0.0009921508076314969
89 0.0009184706914737232
90 0.0009184706914737232
187 0.0008491938322213743
173 0.000833185513088953
174 0.000833185513088953
175 0.000833185513088953
176 0.000833185513088953
177 0.000833185513088953
178 0.000833185513088953
133 0.0007071016658320396
141 0.0006855929939036847
152 0.0005518182140957304
153 0.0005518182140957304
154 0.0005518182140957304
186 0.0005195014587426367
188 0.0005195014587426367
128 0.00044633993539313526
130 0.00044633993539313526
139 0.00042154731614618647
140 0.00042154731614618647
35 0.00033325446576876774
28 0.0002772788429082179
30 0.0002772788429082179
42 0.00024444480678009685
119 0.000221270047982501
196 0.00020878728446900577
124 0.00018382095671300305
147 0.0001732248701043081
193 0.00014808709173773658
144 0.00014234446893928083
113 0.00012068358767133062
38 0.00011652455911446561
39 0.00011652455911446561
40 0.00011652455911446561
1 0.00011235563667270474
115 0.00011145483311209077
100 0.00010762659664950705
101 0.00010762659664950705
102 0.00010762659664950705
85 0.00010513627831588293
123 9.805399974121931e-05
125 9.805399974121931e-05
168 9.647800325999155e-05
80 9.204168517381521e-05
82 9.204168517381521e-05
84 9.204168517381521e-05
191 8.581072522136296e-05
194 8.581072522136296e-05
166 8.067625472199363e-05
77 6.99540752321089e-05
167 6.908384396850174e-05
48 6.831074405755621e-05
118 6.289033854503535e-05
49 4.9254480129835574e-05
134 4.7265379507952274e-05
112 4.232698032497148e-05
94 3.223893775317515e-05
95 3.223893775317515e-05
96 3.223893775317515e-05
97 3.223893775317515e-05
75 2.829281193103558e-05
76 2.829281193103558e-05
195 2.046320738499947e-05
116 1.8694143595214052e-05
117 1.8694143595214052e-05
181 1.8557543826927506e-05
183 1.8557543826927506e-05
53 7.354757580435891e-06
