1 6
2 44
3 149
4 72
5 40
6 25
7 215
8 79
9 46
10 20
11 20
12 20
13 54
14 147
15 40
16 29
17 27
18 43
19 95
20 27
21 76
22 27
23 27
24 27
25 30
26 33
27 64
28 14
29 46
30 17
31 103
32 112
33 65
34 10
35 5
36 194
37 57
38 20
39 20
40 20
41 48
42 27
43 37
44 67
45 236
46 39
47 23
48 17
49 8
50 87
51 30
52 71
53 19
54 68
55 82
56 44
57 191
58 29
59 10
60 15
61 10
62 10
63 10
64 35
65 164
66 29
67 26
68 32
69 27
70 22
71 22
72 30
73 22
74 34
75 7
76 7
77 15
78 88
79 41
80 19
81 28
82 19
83 54
84 19
85 23
86 70
87 120
88 21
89 8
90 8
91 14
92 129
93 85
94 16
95 16
96 16
97 16
98 61
99 24
100 7
101 7
102 7
103 90
104 32
105 16
106 83
107 16
108 28
109 63
110 146
111 80
112 22
113 29
114 64
115 26
116 13
117 13
118 19
119 19
120 31
121 111
122 42
123 13
124 17
125 13
126 35
127 86
128 12
129 14
130 10
131 51
132 134
133 26
134 9
135 49
136 39
137 72
138 53
139 10
140 10
141 12
142 67
143 48
144 19
145 17
146 38
147 12
148 36
149 84
150 103
151 30
152 10
153 10
154 10
155 108
156 64
157 32
158 26
159 39
160 21
161 42
162 37
163 67
164 48
165 59
166 51
167 30
168 46
169 52
170 75
171 30
172 42
173 26
174 26
175 26
176 26
177 26
178 26
179 67
180 28
181 9
182 23
183 9
184 102
185 95
186 16
187 28
188 16
189 84
190 33
191 9
192 35
193 15
194 9
195 6
196 16
197 26
198 19
199 26
200 139
