1 332
2 168
3 44
4 36
5 17
6 261
7 161
8 20
9 91
10 15
11 5
12 7
13 200
14 210
15 6
16 168
17 24
18 30
19 47
20 35
21 29
22 242
23 32
24 147
25 135
26 22
27 26
28 26
29 122
30 18
31 66
32 75
33 106
34 195
35 271
36 22
37 34
38 130
39 231
40 340
41 195
42 189
43 166
44 46
45 103
46 66
47 19
48 81
49 32
50 136
51 332
52 54
53 6
54 6
55 257
56 51
57 165
58 8
59 67
60 195
61 74
62 92
63 67
64 202
65 34
66 21
67 237
68 49
69 19
70 18
71 59
72 114
73 105
74 14
75 23
76 16
77 128
78 42
79 85
80 108
81 16
82 17
83 51
84 86
85 121
86 21
87 64
88 18
89 91
90 59
91 181
92 88
93 51
94 76
95 169
96 63
97 5
98 58
99 65
100 15
101 33
102 229
103 111
104 2
105 144
106 17
107 10
108 193
109 52
110 122
111 72
112 22
113 20
114 24
115 20
116 22
117 22
118 46
119 33
120 20
121 42
122 250
123 37
124 12
125 26
126 151
127 28
128 7
129 94
130 39
131 61
132 127
133 33
134 18
135 136
136 62
137 229
138 46
139 8
140 101
141 56
142 40
143 16
144 31
145 64
146 99
147 4
148 50
149 191
150 57
151 46
152 31
153 92
154 30
155 146
156 81
157 62
158 12
159 216
160 71
161 95
162 28
163 31
164 97
165 106
166 142
167 36
168 4
169 179
170 49
171 18
172 18
173 18
174 18
175 27
176 29
177 34
178 42
179 127
180 94
181 128
182 80
183 33
184 24
185 20
186 20
187 20
188 61
189 43
190 54
191 28
192 18
193 18
194 18
195 18
196 18
197 18
198 56
199 21
200 16
