1 0.019058083437716294 199
2 10.127853620446356 39
3 56.92999818985835 1
4 37.931435756243964 3
5 4.546808724219654 88
6 0.7351103967495183 139
7 41.09348080704784 2
8 4.211100615498789 92
9 9.127592399814016 46
10 0.7351103967495183 140
11 0.7351103967495183 141
12 0.7351103967495183 142
13 11.01825007678484 34
14 22.930563694417344 15
15 9.642881230411316 43
16 8.676777056126836 50
17 8.442658296102145 52
18 9.104896022749156 47
19 15.672748502246407 21
20 8.442658296102145 53
21 14.484123228148032 22
22 8.442658296102145 54
23 8.442658296102145 55
24 8.442658296102145 56
25 8.479916651256607 51
26 1.4720864535215066 118
27 2.4777970335398343 103
28 0.3300921463834545 154
29 1.9797132330449827 109
30 0.3300921463834545 155
31 6.094857838623626 74
32 28.118357640768778 10
33 18.750567634374015 20
34 12.751605523641249 27
35 0.37937362126255697 153
36 21.81693786628078 16
37 36.654619675698584 5
38 0.13552598825756862 164
39 0.13552598825756862 165
40 0.13552598825756862 166
41 28.203377831361294 9
42 0.28037033919536053 156
43 3.626037345654194 94
44 11.142588048399116 33
45 29.85042887496767 7
46 1.3527529475832731 122
47 1.566503100513919 117
48 0.08229344278580807 182
49 0.05887618533422827 186
50 37.911349556257136 4
51 5.05617772203536 83
52 27.680887864798674 11
53 0.008383537042983473 200
54 26.26439360957685 12
55 10.991447671083312 35
56 11.813135568177072 31
57 20.69642468337292 17
58 4.657253838875731 86
59 1.8066221470744643 111
60 3.6023616023322766 95
61 3.5997005525985966 96
62 3.5997005525985966 97
63 3.5997005525985966 98
64 4.39349555878285 90
65 19.3127656622946 19
66 7.881713138396358 59
67 7.5179570219360174 64
68 9.582897304446483 44
69 7.55243174726639 63
70 7.473666663253279 66
71 7.473666663253279 67
72 7.488908263816089 65
73 7.473666663253279 68
74 1.41217054114901 120
75 0.034802220245221324 192
76 0.034802220245221324 193
77 0.09989358343758654 179
78 19.340959866722045 18
79 9.488257479618785 45
80 0.10957342003781878 173
81 8.896438038879236 48
82 0.10957342003781878 174
83 10.308543148079321 38
84 0.10957342003781878 175
85 0.12302778374498864 168
86 14.23271021054958 23
87 13.814428143337363 25
88 2.624836158407022 102
89 1.1273389623741412 127
90 1.1273389623741412 128
91 1.4517761015415427 119
92 10.864732985723826 36
93 4.24994448204328 91
94 0.03838029352196808 188
95 0.03838029352196808 189
96 0.03838029352196808 190
97 0.03838029352196808 191
98 4.620336888327094 87
99 4.960720467542958 84
100 0.1197412085553814 169
101 0.1197412085553814 170
102 0.1197412085553814 171
103 13.838204537242675 24
104 2.4126159732710963 105
105 1.721242715310695 112
106 5.0660386788906 82
107 1.721242715310695 113
108 3.3180005131158934 99
109 2.652355061245683 101
110 25.660272773534565 13
111 8.742669671886361 49
112 0.05439545030166872 187
113 0.1574279341420068 162
114 3.1378017115244057 100
115 0.1322864823855149 167
116 0.019453850581307924 197
117 0.019453850581307924 198
118 0.06756054787316132 184
119 0.24227586423811648 157
120 4.448113761815145 89
121 12.679621663517446 28
122 2.4607605778000536 104
123 0.10471403263542747 177
124 0.20306915461788752 160
125 0.10471403263542747 178
126 7.603122706694038 62
127 12.352298463538348 30
128 0.49833992656650367 149
129 1.3943745183390366 121
130 0.49833992656650367 150
131 5.400277909103131 77
132 25.304709787536822 14
133 0.8593227216007828 138
134 0.06463972211660182 185
135 2.1505450790775025 108
136 5.691032371033353 76
137 10.58481656750881 37
138 9.87542487381968 42
139 0.4461920633227215 151
140 0.4461920633227215 152
141 0.7291728588231811 143
142 6.351893361365298 72
143 5.242422970455167 78
144 0.16590429488629702 161
145 0.9491365211608758 131
146 4.738805675837608 85
147 0.2109713152262997 159
148 1.7164797338994233 114
149 6.0219357733738175 75
150 6.810307751605492 69
151 1.3001606471515652 123
152 0.6846500579459881 144
153 0.6846500579459881 145
154 0.6846500579459881 146
155 10.114575990084344 40
156 13.809858546106522 26
157 6.301703373100942 73
158 6.518924601134674 71
159 7.63700908560492 61
160 4.071038861135728 93
161 8.228685893716154 57
162 6.773680256792059 70
163 12.565249569827476 29
164 5.110532580108339 80
165 7.640748878868546 60
166 0.11237401469513865 172
167 0.08091900763918763 183
168 0.10818581835534806 176
169 5.091666428423104 81
170 32.20987299934993 6
171 1.2991919597759596 124
172 1.0698339034596454 129
173 0.8987912438908079 132
174 0.8987912438908079 133
175 0.8987912438908079 134
176 0.8987912438908079 135
177 0.8987912438908079 136
178 0.8987912438908079 137
179 10.037150488155762 41
180 1.2873612543206898 125
181 0.021501839443475616 194
182 1.1452868951524464 126
183 0.021501839443475616 195
184 11.609908223553537 32
185 5.209579222046989 79
186 0.5864576896466198 147
187 0.955914501933182 130
188 0.5864576896466198 148
189 7.946644949720371 58
190 2.217172959947263 107
191 0.08855694289349125 180
192 1.9311406158457838 110
193 0.14609009231449524 163
194 0.08855694289349125 181
195 0.021216086215285822 196
196 0.23076439311381372 158
197 1.6631351649590533 115
198 1.607569752982078 116
199 2.3658216088692545 106
200 29.6528560060325 8
