3 0.043929065530296164
7 0.03170908604670138
4 0.029269147724847417
50 0.02925364855000934
37 0.028283914296851176
170 0.024854201066231946
45 0.023033576108377567
200 0.022881122361979808
41 0.021762657163587995
32 0.02169705277850649
52 0.02135948666104369
54 0.020266472943505708
110 0.019800313367912284
132 0.019525949232857293
14 0.017693979750699092
36 0.01683466930741936
57 0.01597004435388671
78 0.01492412296537568
65 0.014902367386713312
33 0.01446855683349383
19 0.012093610010296515
21 0.01117642751921863
86 0.010982428937163181
103 0.010678015339309599
87 0.010659668689052255
156 0.010656142637013201
34 0.009839559678122603
121 0.009784014555883945
163 0.009695761273637417
127 0.009531441171751474
56 0.009115405287070047
184 0.0089585883606099
44 0.008597988689949009
13 0.008502045407380617
55 0.008481363786550322
92 0.008383586553214676
137 0.008167593806512573
83 0.007954412117907513
2 0.007814986114879099
155 0.007804740657074679
179 0.007744996584422615
138 0.007620203762782183
15 0.007440765412619726
68 0.007394479835625926
79 0.007321452623280566
9 0.007043151544253734
18 0.0070256382706355355
81 0.006864785210300001
111 0.006746132463331884
16 0.006695287546281133
25 0.00654338356067016
17 0.00651463378415211
20 0.00651463378415211
22 0.00651463378415211
23 0.00651463378415211
24 0.00651463378415211
161 0.006349525616490802
189 0.006131893515578062
66 0.006081789986940298
165 0.00589585401146468
159 0.0058929682635537155
126 0.005866820415194469
69 0.005827705597887354
67 0.005801103762012947
72 0.005778688781517631
70 0.00576692785948708
71 0.00576692785948708
73 0.00576692785948708
150 0.0052550582296532825
162 0.005226795245795389
158 0.00503021737389269
142 0.004901330556560195
157 0.0048626023051368105
31 0.004702993463970154
149 0.004646724391691595
136 0.004391388405255507
131 0.004167032666322178
143 0.0040452265857911125
185 0.004019883265538901
164 0.003943455607667417
169 0.003928897862365523
106 0.003909122645003793
51 0.003901513605241651
99 0.003827855637188424
146 0.0036566188597963777
58 0.0035936907708463855
98 0.003565204433389963
5 0.00350846767522907
120 0.0034323113848930176
64 0.003390166176805164
93 0.003279397428209621
8 0.0032494242187745465
160 0.003141347946486886
43 0.0027979700902383002
60 0.0027797011052929916
61 0.002777647751492762
62 0.002777647751492762
63 0.002777647751492762
108 0.0025602787037535832
114 0.002421231361134776
109 0.002046644704018815
88 0.0020254102103501193
27 0.0019119499686991936
122 0.0018988040771763983
104 0.0018616541113494272
199 0.0018255460353680854
190 0.001710843831835477
135 0.0016594315599588571
29 0.0015276120693978879
192 0.001490131834868358
59 0.0013940492747364333
105 0.0013281676873107338
107 0.0013281676873107338
148 0.0013244924136555766
197 0.0012833299836682809
198 0.0012404538778968725
47 0.0012087654934819045
26 0.0011359104925200499
91 0.0011202383546061203
74 0.0010896773970588284
129 0.001075945398515796
46 0.0010438288208354984
151 0.0010032468660574796
171 0.0010024993949077452
180 0.000993370432115915
182 0.0008837411675362366
89 0.0008698919502479779
90 0.0008698919502479779
172 0.0008255191488831529
187 0.0007376151788507136
145 0.0007323850651852126
173 0.0006935369876398365
174 0.0006935369876398365
175 0.0006935369876398365
176 0.0006935369876398365
177 0.0006935369876398365
178 0.0006935369876398365
133 0.0006630817732152674
6 0.0005672354438360812
10 0.0005672354438360812
11 0.0005672354438360812
12 0.0005672354438360812
141 0.0005626538436086434
152 0.0005282985810139758
153 0.0005282985810139758
154 0.0005282985810139758
186 0.00045253010887714827
188 0.00045253010887714827
128 0.00038453553463141935
130 0.00038453553463141935
139 0.000344296522255882
140 0.000344296522255882
35 0.00029273720707543357
28 0.000254709994564835
30 0.000254709994564835
42 0.00021634300711181878
119 0.00018694805295850717
196 0.00017806542191251335
147 0.00016279242976051722
124 0.00015669486183086107
144 0.00012801722946683715
113 0.00012147658976134199
193 0.00011272793681124207
38 0.00010457632546149381
39 0.00010457632546149381
40 0.00010457632546149381
115 0.00010207661581343382
85 9.493229836679463e-05
100 9.239626847982686e-05
101 9.239626847982686e-05
102 9.239626847982686e-05
166 8.671149854918856e-05
80 8.455046728031496e-05
82 8.455046728031496e-05
84 8.455046728031496e-05
168 8.347974802548693e-05
123 8.080080358061065e-05
125 8.080080358061065e-05
77 7.708118588466031e-05
191 6.833345988449173e-05
194 6.833345988449173e-05
48 6.35003364798181e-05
167 6.243977695860268e-05
118 5.213194851833877e-05
134 4.9878142965164934e-05
49 4.543080776317184e-05
112 4.1973324729134674e-05
94 2.96155011910555e-05
95 2.96155011910555e-05
96 2.96155011910555e-05
97 2.96155011910555e-05
75 2.6854541759400173e-05
76 2.6854541759400173e-05
181 1.659152896482285e-05
183 1.659152896482285e-05
195 1.6371032342905172e-05
116 1.5011233166613812e-05
117 1.5011233166613812e-05
1 1.4705846176654764e-05
53 6.469013873998204e-06
