1 3
2 49
3 148
4 71
5 40
6 24
7 217
8 76
9 46
10 20
11 20
12 20
13 53
14 144
15 39
16 29
17 27
18 43
19 94
20 27
21 75
22 27
23 27
24 27
25 30
26 33
27 64
28 14
29 45
30 17
31 102
32 113
33 64
34 10
35 5
36 193
37 56
38 20
39 20
40 20
41 47
42 26
43 36
44 66
45 238
46 38
47 22
48 16
49 8
50 87
51 30
52 70
53 19
54 68
55 81
56 44
57 190
58 29
59 10
60 14
61 10
62 10
63 10
64 33
65 161
66 29
67 25
68 31
69 26
70 22
71 22
72 30
73 22
74 33
75 7
76 7
77 15
78 90
79 41
80 19
81 28
82 19
83 53
84 19
85 23
86 70
87 119
88 20
89 8
90 8
91 14
92 129
93 84
94 15
95 15
96 15
97 15
98 61
99 24
100 7
101 7
102 7
103 89
104 31
105 16
106 82
107 16
108 28
109 60
110 146
111 79
112 22
113 28
114 63
115 26
116 13
117 13
118 19
119 18
120 30
121 110
122 41
123 13
124 17
125 13
126 34
127 85
128 12
129 14
130 10
131 50
132 135
133 25
134 9
135 46
136 38
137 71
138 53
139 10
140 10
141 12
142 66
143 47
144 18
145 17
146 37
147 12
148 35
149 83
150 102
151 29
152 10
153 10
154 10
155 107
156 65
157 32
158 26
159 39
160 21
161 41
162 37
163 66
164 47
165 58
166 50
167 29
168 45
169 51
170 74
171 30
172 41
173 26
174 26
175 26
176 26
177 26
178 26
179 66
180 28
181 9
182 22
183 9
184 101
185 94
186 16
187 28
188 16
189 83
190 33
191 9
192 34
193 15
194 9
195 6
196 16
197 26
198 19
199 26
200 136
