1 53
2 262
3 166
4 42
5 36
6 17
7 162
8 20
9 89
10 15
11 5
12 7
13 200
14 211
15 6
16 169
17 24
18 30
19 45
20 35
21 29
22 242
23 32
24 144
25 133
26 22
27 24
28 26
29 124
30 18
31 64
32 73
33 104
34 193
35 269
36 22
37 34
38 130
39 231
40 340
41 193
42 187
43 163
44 46
45 103
46 64
47 17
48 79
49 30
50 133
51 331
52 52
53 6
54 6
55 255
56 49
57 162
58 8
59 65
60 192
61 72
62 90
63 65
64 203
65 32
66 21
67 235
68 49
69 19
70 18
71 59
72 113
73 104
74 14
75 23
76 16
77 127
78 43
79 83
80 105
81 16
82 17
83 51
84 85
85 119
86 21
87 62
88 18
89 89
90 57
91 178
92 86
93 49
94 74
95 165
96 61
97 5
98 56
99 63
100 15
101 31
102 227
103 109
104 2
105 142
106 17
107 10
108 192
109 50
110 123
111 70
112 22
113 20
114 24
115 20
116 22
117 22
118 44
119 33
120 20
121 40
122 250
123 35
124 10
125 24
126 149
127 26
128 7
129 92
130 39
131 59
132 125
133 33
134 17
135 134
136 60
137 229
138 46
139 8
140 101
141 54
142 38
143 14
144 29
145 62
146 99
147 4
148 48
149 192
150 55
151 45
152 31
153 90
154 30
155 147
156 80
157 60
158 12
159 217
160 69
161 93
162 26
163 31
164 94
165 104
166 140
167 36
168 4
169 177
170 47
171 18
172 18
173 18
174 18
175 25
176 29
177 32
178 40
179 125
180 92
181 126
182 78
183 33
184 24
185 20
186 20
187 20
188 60
189 43
190 52
191 26
192 18
193 18
194 18
195 18
196 18
197 18
198 54
199 21
200 14
