1 0.002804808540588123 200
2 27.27921505414041 17
3 29.700970871613155 12
4 21.292350170875206 25
5 0.9848438065566666 122
6 0.6671422246133116 134
7 34.829171605837075 6
8 6.195598306158391 75
9 1.6413704138694438 109
10 0.6671422246133116 135
11 0.6671422246133116 136
12 0.6671422246133116 137
13 12.069225932824379 46
14 33.08604026438366 9
15 7.762183288556474 61
16 7.61561904509345 63
17 7.588401081999411 64
18 8.036078646711823 59
19 45.95004630342115 5
20 7.588401081999411 65
21 19.82846397119867 28
22 7.588401081999411 66
23 7.588401081999411 67
24 7.588401081999411 68
25 7.618853671070598 62
26 3.201542158793278 87
27 9.524013668696846 55
28 0.2139941592089259 146
29 4.503668061361347 81
30 0.2139941592089259 147
31 17.976100765738227 33
32 0.05497682066304226 171
33 0.05497682066304226 172
34 0.2302593467834871 145
35 14.484503506066993 38
36 33.66133986373107 8
37 16.641696566566328 36
38 3.9261433053575163 84
39 0.0030215879812088195 199
40 63.40514037393126 1
41 34.12972335998797 7
42 11.800239404173075 47
43 0.27825793696966233 142
44 0.04507113938456685 173
45 13.421552112541624 41
46 1.0978558965725336 121
47 1.8876145934139401 101
48 0.029470229591680615 184
49 27.55818647320518 15
50 6.28427761380573 74
51 13.653427525292114 39
52 61.11314373431762 2
53 12.792946188986186 44
54 0.009709739404039273 192
55 0.009709739404039273 193
56 0.009709739404039273 194
57 2.2072260850372203 97
58 0.09520434279165199 163
59 13.312219466072138 43
60 7.959570753179659 60
61 28.636690562189163 13
62 20.306677004286016 27
63 0.0727199146473096 165
64 0.0727199146473096 166
65 0.0727199146473096 167
66 0.0727199146473096 168
67 17.969257341315206 34
68 4.674825291062925 80
69 0.02291070988524485 189
70 0.02291070988524485 190
71 0.02291070988524485 191
72 31.556306052681993 10
73 0.9113250508155494 125
74 0.9841160915282184 123
75 1.4936067853389907 117
76 0.8858365747384384 126
77 0.8857922153123866 127
78 0.8857922153123866 128
79 0.9831071269321309 124
80 0.8857922153123866 129
81 13.420749112427387 42
82 0.027717842889652577 187
83 0.027717842889652577 188
84 0.1100775365349804 162
85 3.5098398735395615 85
86 19.68560179859896 29
87 11.341290164125647 50
88 11.093500027278377 52
89 0.19667114992962062 148
90 0.18941713033075674 151
91 0.18941713033075674 152
92 0.18941713033075674 153
93 4.280192528528004 82
94 9.155793334091657 56
95 0.13256037676245086 161
96 0.06101415215058659 170
97 2.27975054542476 96
98 0.1425816916758809 158
99 0.14198006782956255 159
100 0.14198006782956255 160
101 0.1944805034860724 149
102 6.978584407268953 70
103 1.9052188407303738 100
104 0.175742539948491 154
105 2.440170201999014 93
106 0.175742539948491 155
107 17.39536105696571 35
108 0.175742539948491 156
109 0.19413983501841175 150
110 3.2210203974700797 86
111 28.569658702184054 14
112 1.2719380376519835 118
113 0.02901487373689023 185
114 0.02901487373689023 186
115 1.1932602512877395 120
116 30.536973570923866 11
117 5.608706749833431 77
118 2.0019313589860066 98
119 0.3404197266660244 140
120 5.390653623905278 79
121 23.894716698317506 20
122 21.623221957860288 24
123 0.0794637755439126 164
124 1.5802807603032292 110
125 0.28704020344216363 141
126 13.630454291305432 40
127 6.704264671077323 71
128 22.764125028795064 22
129 11.046494829926612 53
130 11.633207192771367 49
131 11.046494829926612 54
132 11.71487902309401 48
133 6.492098822713669 73
134 52.230141990475126 4
135 1.7643849408165881 104
136 0.17312001792522919 157
137 1.6464924337839788 108
138 5.551463561693292 78
139 21.02370594927439 26
140 0.03653311755955865 182
141 11.134612598089044 51
142 0.03653311755955865 183
143 18.08631727097659 32
144 27.40963024467483 16
145 2.404837359126735 94
146 0.0047443763679708255 195
147 0.0047443763679708255 196
148 0.0047443763679708255 197
149 0.0047443763679708255 198
150 0.3940574687443753 139
151 26.827827914370843 18
152 1.8478639964543961 102
153 0.04336656123553056 176
154 0.04336656123553056 177
155 0.04336656123553056 178
156 26.68956673765943 19
157 22.523621943212746 23
158 4.119971070636038 83
159 1.6864270838233488 105
160 1.6864270838233488 106
161 1.6864270838233488 107
162 1.792677007558396 103
163 16.285349480591805 37
164 3.0704365373911537 89
165 0.03823966169329993 180
166 0.03823966169329993 181
167 0.03829971763238811 179
168 0.06658444120960644 169
169 56.34824273702573 3
170 0.6131638904456117 138
171 0.2494882241979338 144
172 7.111992728976543 69
173 0.27455581153180797 143
174 2.3947530363547855 95
175 23.15221798164389 21
176 19.522816950481378 30
177 8.498452015308194 57
178 2.9489432783606815 90
179 6.006703482195875 76
180 2.6864076230452936 91
181 6.664726002546909 72
182 0.8375101476256545 130
183 18.394642794363893 31
184 1.2376815775209964 119
185 0.7760849699653632 131
186 0.7760849699653632 132
187 0.7760849699653632 133
188 12.18777669497968 45
189 3.193772394955379 88
190 1.5533008683060194 111
191 1.5533008683060194 112
192 1.5533008683060194 113
193 1.5533008683060194 114
194 1.5533008683060194 115
195 1.5533008683060194 116
196 8.456683716855627 58
197 1.9306481550419563 99
198 0.04443775993330888 174
199 2.62630683205583 92
200 0.04443775993330888 175
