40 0.04049201603947811
52 0.03902829300146678
169 0.0359853149957246
134 0.03335539886434935
19 0.029344781841976218
7 0.022242729327433684
41 0.02179604520335987
36 0.021496924470699858
14 0.021129524596385278
72 0.02015260029859081
116 0.01950163056715432
3 0.018967739552799682
61 0.018288065079948658
111 0.0182452569553317
49 0.01759930696645448
144 0.017504435459934034
2 0.017421149247558065
151 0.017132882788470184
156 0.017044585944523166
121 0.015259728881616983
175 0.01478555171289643
128 0.014537706412359502
157 0.01438411547727899
122 0.01380909883929316
4 0.01359779632302085
139 0.013426233795663907
62 0.012968322223037274
21 0.012662924116639869
86 0.012571688968350212
176 0.01246773073023122
183 0.011747252141974427
143 0.011550348200673285
31 0.011479961344471925
67 0.011475590972450544
107 0.011109087288146252
37 0.01062777939333424
163 0.010400207751101363
35 0.009250145096006778
51 0.008719400400149322
126 0.008704729151831262
45 0.008571319300148893
81 0.008570806485362684
59 0.008501496896975077
53 0.00816987675165825
188 0.0077834012590814825
13 0.007707691950114185
42 0.00753591081741236
132 0.007481397667541462
130 0.007429240113060948
87 0.007242815022975047
141 0.007110825861377114
88 0.007084570405323048
129 0.00705455177916937
131 0.00705455177916937
27 0.006082259450239121
94 0.0058471052717771884
177 0.005427311623082182
196 0.005400637403911486
18 0.005132029099504182
60 0.005083169356685526
15 0.004957113072662219
25 0.004865579403058413
16 0.004863513694723474
17 0.004846131662420319
20 0.004846131662420319
22 0.004846131662420319
23 0.004846131662420319
24 0.004846131662420319
172 0.0045418860672181574
102 0.004456688370777057
127 0.004281501326125646
181 0.004256251001138251
133 0.00414600721816681
50 0.004013287699294744
8 0.003956655004745861
179 0.0038360223210776876
117 0.0035818522336772364
138 0.003545295385468217
120 0.0034425983716012323
68 0.002985453538169358
29 0.0028761484999740893
93 0.0027334317611331623
158 0.002631110564388404
38 0.0025073275882090632
85 0.00224146641135418
110 0.0020570194913008748
26 0.002044580229306178
189 0.0020396182751161594
164 0.0019608530915162076
178 0.001883264634739082
180 0.0017156031816885607
199 0.001677221400994148
105 0.0015583501649185662
145 0.0015357857792572909
174 0.001529345693216618
97 0.0014559023938270767
57 0.001409586565237347
118 0.0012784805178244502
197 0.0012329573848351475
103 0.0012167176257729488
47 0.0012054751387995575
152 0.0011800894713257187
162 0.0011448457603841671
135 0.0011267777801929227
159 0.001076992056556682
160 0.001076992056556682
161 0.001076992056556682
137 0.0010514888484510195
9 0.001048217805893417
124 0.0010092045142665706
190 0.0009919745197731972
191 0.0009919745197731972
192 0.0009919745197731972
193 0.0009919745197731972
194 0.0009919745197731972
195 0.0009919745197731972
75 0.0009538524724012042
112 0.0008122895891103775
184 0.0007904126068199956
115 0.0007620441016211416
46 0.0007011166336180509
5 0.0006289444511326878
74 0.0006284797151754718
79 0.0006278353666200219
73 0.0005819936421112832
76 0.0005657161009521666
77 0.0005656877719778816
78 0.0005656877719778816
80 0.0005656877719778816
182 0.0005348537063538564
185 0.000495626141137852
186 0.000495626141137852
187 0.000495626141137852
6 0.0004260527380010656
10 0.0004260527380010656
11 0.0004260527380010656
12 0.0004260527380010656
170 0.00039158090243674517
150 0.00025165438087151843
119 0.00021740005543750455
125 0.00018331063464585952
43 0.00017770207242566292
173 0.00017533780792398866
171 0.00015932905622959796
34 0.00014704904221030785
28 0.0001366617103272759
30 0.0001366617103272759
89 0.0001255988285884626
101 0.00012419983017278446
109 0.00012398227126548915
90 0.00012096624081694101
91 0.00012096624081694101
92 0.00012096624081694101
104 0.00011223332531787441
106 0.00011223332531787441
108 0.00011223332531787441
136 0.00011055852098492064
98 9.105602656546451e-05
99 9.06718154070129e-05
100 9.06718154070129e-05
95 8.465617882728166e-05
84 7.029810751421736e-05
58 6.0799735677779795e-05
123 5.074743869196635e-05
63 4.644065028360049e-05
64 4.644065028360049e-05
65 4.644065028360049e-05
66 4.644065028360049e-05
168 4.252239243598578e-05
96 3.896507464452331e-05
32 3.510949255784124e-05
33 3.510949255784124e-05
44 2.8783491182487528e-05
198 2.8379000146773995e-05
200 2.8379000146773995e-05
153 2.769490742816941e-05
154 2.769490742816941e-05
155 2.769490742816941e-05
167 2.445910176260346e-05
165 2.442074862538962e-05
166 2.442074862538962e-05
140 2.3330909346933577e-05
142 2.3330909346933577e-05
48 1.88203827367293e-05
113 1.852958176275301e-05
114 1.852958176275301e-05
82 1.7701267314424182e-05
83 1.7701267314424182e-05
69 1.4631318954237095e-05
70 1.4631318954237095e-05
71 1.4631318954237095e-05
54 6.200868279272191e-06
55 6.200868279272191e-06
56 6.200868279272191e-06
146 3.029870494036166e-06
147 3.029870494036166e-06
148 3.029870494036166e-06
149 3.029870494036166e-06
39 1.92965725299625e-06
1 1.7912167963570069e-06
