1 6
2 250
3 162
4 41
5 36
6 17
7 258
8 158
9 20
10 89
11 18
12 8
13 10
14 194
15 200
16 6
17 164
18 24
19 29
20 45
21 33
22 31
23 233
24 36
25 149
26 131
27 22
28 24
29 25
30 120
31 18
32 61
33 72
34 99
35 191
36 262
37 22
38 34
39 123
40 218
41 351
42 197
43 184
44 163
45 45
46 97
47 62
48 17
49 82
50 30
51 127
52 323
53 50
54 6
55 6
56 112
57 95
58 16
59 17
60 208
61 70
62 84
63 64
64 203
65 32
66 20
67 226
68 49
69 158
70 8
71 69
72 173
73 28
74 19
75 105
76 21
77 124
78 45
79 86
80 82
81 105
82 49
83 19
84 18
85 58
86 106
87 81
88 21
89 56
90 20
91 65
92 124
93 86
94 44
95 74
96 137
97 60
98 15
99 30
100 227
101 51
102 4
103 59
104 59
105 5
106 141
107 13
108 6
109 188
110 46
111 23
112 21
113 25
114 21
115 23
116 23
117 33
118 66
119 90
120 34
121 10
122 24
123 144
124 24
125 7
126 91
127 36
128 59
129 126
130 35
131 19
132 120
133 57
134 229
135 47
136 8
137 96
138 56
139 44
140 20
141 35
142 60
143 70
144 56
145 44
146 28
147 169
148 53
149 242
150 43
151 25
152 25
153 20
154 32
155 27
156 43
157 109
158 34
159 78
160 86
161 30
162 180
163 58
164 12
165 203
166 67
167 89
168 26
169 31
170 99
171 102
172 142
173 15
174 49
175 40
176 24
177 104
178 33
179 24
180 20
181 20
182 78
183 51
184 20
185 57
186 43
187 54
188 26
189 18
190 18
191 18
192 18
193 18
194 18
195 54
196 21
197 13
198 20
199 6
200 6
