1 3
2 119
3 141
4 70
5 40
6 24
7 225
8 73
9 46
10 20
11 20
12 20
13 56
14 148
15 40
16 29
17 27
18 41
19 91
20 27
21 73
22 27
23 27
24 27
25 30
26 32
27 63
28 14
29 43
30 17
31 102
32 9
33 9
34 14
35 62
36 181
37 67
38 10
39 5
40 234
41 38
42 24
43 16
44 8
45 68
46 28
47 63
48 19
49 64
50 78
51 71
52 185
53 55
54 20
55 20
56 20
57 47
58 26
59 36
60 24
61 98
62 76
63 15
64 15
65 15
66 15
67 52
68 18
69 7
70 7
71 7
72 147
73 27
74 25
75 31
76 26
77 22
78 22
79 30
80 22
81 37
82 7
83 7
84 14
85 85
86 42
87 26
88 10
89 14
90 10
91 10
92 10
93 30
94 67
95 27
96 20
97 71
98 17
99 13
100 13
101 26
102 85
103 29
104 19
105 39
106 19
107 54
108 19
109 23
110 65
111 125
112 21
113 8
114 8
115 14
116 116
117 45
118 26
119 9
120 37
121 73
122 51
123 10
124 12
125 12
126 68
127 48
128 80
129 16
130 29
131 16
132 28
133 58
134 142
135 51
136 42
137 39
138 71
139 71
140 12
141 14
142 10
143 50
144 141
145 14
146 9
147 9
148 9
149 9
150 8
151 97
152 27
153 10
154 10
155 10
156 109
157 41
158 32
159 24
160 26
161 24
162 28
163 79
164 42
165 16
166 16
167 18
168 21
169 82
170 21
171 17
172 35
173 12
174 38
175 69
176 77
177 82
178 30
179 42
180 34
181 42
182 25
183 45
184 44
185 22
186 22
187 22
188 62
189 43
190 26
191 26
192 26
193 26
194 26
195 26
196 68
197 31
198 9
199 22
200 9
