1 3.229620580932078 123
2 61.16687724066788 1
3 54.70514884871513 2
4 44.46756769589525 5
5 12.962029564957433 38
6 9.514085893052668 66
7 51.44853327322002 3
8 13.263220059143972 35
9 19.314226010424452 20
10 9.514085893052668 67
11 9.514085893052668 68
12 9.514085893052668 69
13 12.794048636049572 40
14 27.71571765659499 13
15 11.745243621320038 45
16 11.086797203941302 50
17 10.88174048596897 54
18 11.7465716548413 44
19 16.314740286417546 26
20 10.88174048596897 55
21 17.73324166308297 23
22 10.88174048596897 56
23 10.88174048596897 57
24 10.88174048596897 58
25 10.91266901594787 53
26 1.2173329343248558 174
27 2.584644967065991 138
28 0.35066233072735403 221
29 1.6845850777399787 158
30 0.4063263629673185 218
31 5.508782818018806 93
32 15.997305686945419 27
33 23.5885107541847 16
34 20.541575408139355 18
35 0.1828866697320932 237
36 24.539628188414625 14
37 45.51808812473048 4
38 0.23597456976499173 228
39 0.23597456976499173 229
40 0.23597456976499173 230
41 40.67978661809503 6
42 0.4080301217571637 217
43 2.9848054483520596 131
44 13.037498196738389 37
45 24.16377920106687 15
46 1.5262350381714862 162
47 1.361359185027365 169
48 0.08075656038976677 257
49 0.0635987098169413 262
50 35.96189966486639 7
51 5.343839801680404 96
52 30.07932982635596 9
53 0.0177242417464273 290
54 32.05101814468469 8
55 12.84972404846384 39
56 13.062862080315021 36
57 18.006560483743016 22
58 6.790073067216068 84
59 1.5153237944421378 163
60 5.331253056847123 98
61 5.328436057023474 99
62 5.328436057023474 100
63 5.328436057023474 101
64 6.104138497090549 88
65 15.191267254579595 29
66 9.653463463125668 65
67 9.497112464851488 70
68 11.001430579024566 51
69 9.47203150710289 73
70 9.470430364837682 74
71 9.470430364837682 75
72 9.48706586746035 72
73 9.470430364837682 76
74 1.2540527460399205 171
75 0.031396084908409776 273
76 0.031396084908409776 274
77 0.11743042744069496 248
78 15.666286706856111 28
79 11.160836509976585 49
80 0.1434580917390817 243
81 10.47753867147719 59
82 0.1434580917390817 244
83 11.819518983292237 43
84 0.1434580917390817 245
85 0.14350199964833665 242
86 13.43086532011372 34
87 17.33330308655159 24
88 2.034363194134382 147
89 0.9249517231259441 184
90 0.9249517231259441 185
91 1.1820500794867908 175
92 7.529577509978956 81
93 4.813883837258763 103
94 0.006362513759404854 291
95 0.006362513759404854 292
96 0.006362513759404854 293
97 0.006362513759404854 294
98 4.998146787885218 102
99 6.868469281538966 83
100 0.08217780313604778 254
101 0.08217780313604778 255
102 0.08217780313604778 256
103 18.951735103538095 21
104 2.230131546541036 142
105 1.7126879785504643 156
106 13.65156237054671 33
107 1.7126879785504643 157
108 2.1657375918004296 143
109 3.667413821084915 119
110 20.301893585234826 19
111 10.275071039763846 61
112 0.10729691608310066 251
113 0.1763056019771397 240
114 4.149013798950174 115
115 0.126566848199071 247
116 0.020465498386804473 284
117 0.020465498386804473 285
118 0.05327932370622046 263
119 0.19071570475690297 236
120 2.764629549970395 135
121 10.960724545849464 52
122 1.1436656529887865 176
123 0.17911614986930077 238
124 1.071623260695776 178
125 0.17911614986930077 239
126 6.52348245976721 86
127 9.493319698446008 71
128 0.4033852916438744 219
129 1.0845607065961507 177
130 0.4033852916438744 220
131 4.781692398826459 104
132 4.3157103963410135 113
133 3.0386455877286855 129
134 4.247613526187969 114
135 1.2498840950560177 172
136 11.29042004992228 48
137 13.96457958117515 31
138 0.5626617511246249 206
139 6.515401984473232 87
140 12.593170324850117 42
141 0.5218649946354934 208
142 1.735963036833322 155
143 4.694219405887048 111
144 0.46539430584407876 210
145 0.46539430584407876 211
146 0.4663789701927118 209
147 14.169060767272347 30
148 1.827311466110419 151
149 0.02735411267415179 276
150 0.02735411267415179 277
151 1.8344804161560175 149
152 0.02735411267415179 278
153 0.02735411267415179 279
154 0.8052442098679683 191
155 4.009544041445648 116
156 7.221532297827568 82
157 3.859215990536689 118
158 3.220390911507512 124
159 3.220390911507512 125
160 3.220390911507512 126
161 6.0321785418604135 89
162 2.2477610767717957 141
163 0.5312921676526259 207
164 0.03827655202738971 272
165 2.1233178513255995 144
166 6.640046525084013 85
167 3.566344348145323 120
168 2.086107747485834 145
169 1.5644033492915808 160
170 1.8265813937997841 152
171 1.5644033492915808 161
172 1.5669449505470514 159
173 5.666125029633705 92
174 10.362394704361629 60
175 0.024542242185052122 281
176 0.024542242185052122 282
177 0.04213484253809329 270
178 0.0268729999953935 280
179 8.867683915491428 79
180 1.3292893234157022 170
181 29.98243423282853 10
182 9.10116913163704 78
183 0.20012704240511292 233
184 5.4381576096139685 94
185 11.644880758329892 46
186 3.456085612896235 122
187 0.8669066130156212 186
188 0.8669066130156212 187
189 0.8669066130156212 188
190 0.6989060559228634 195
191 0.6400125624298872 199
192 2.7366265664901537 136
193 0.6400125624298872 200
194 0.6400125624298872 201
195 0.6400125624298872 202
196 0.6400125624298872 203
197 0.6400125624298872 204
198 3.00213481806778 130
199 5.337437049820406 97
200 0.9255972109528237 183
201 0.648904070289199 197
202 0.4543477551058592 213
203 0.9819046155299557 182
204 1.805419251381663 153
205 0.7415119666064108 194
206 0.04202836268355426 271
207 1.0019484553389246 181
208 0.302797195384102 224
209 1.0255202019807128 180
210 5.910072900621375 91
211 29.528999986161285 11
212 0.6411662425639055 198
213 0.4597159868223902 212
214 0.22427059230681226 231
215 2.959075725061154 133
216 13.865084823679556 32
217 0.42228131055818946 214
218 0.2684481077276334 227
219 0.7802116301689304 192
220 2.598940122054203 137
221 0.5661428764042605 205
222 0.019719500835176727 286
223 0.019719500835176727 287
224 0.019719500835176727 288
225 0.028202739471543975 275
226 0.069794144634871 261
227 0.04477493141256567 265
228 0.04391500033142854 266
229 0.04391500033142854 267
230 0.04391500033142854 268
231 10.20635548146717 62
232 0.04391500033142854 269
233 3.9358192975678934 117
234 0.27021105199855355 226
235 0.005304329971498227 295
236 0.005304329971498227 296
237 0.005304329971498227 297
238 0.005304329971498227 298
239 1.2483551229524446 173
240 0.6517447402951756 196
241 3.1080973902102653 128
242 0.1989345097186402 234
243 0.022425601738235587 283
244 5.401685501690416 95
245 0.07671489865558986 260
246 0.14111872165468303 246
247 0.34001466308698014 223
248 0.34942797002832154 222
249 12.595783051415697 41
250 7.925862749734226 80
251 2.533897872889435 139
252 0.019310828004882024 289
253 1.833123665875891 150
254 27.861163229721456 12
255 0.2182890442082719 232
256 0.0016997761261884588 299
257 0.09648239264868834 252
258 0.0016997761261884588 300
259 2.944333169885656 134
260 3.5344055696897456 121
261 2.301412907580877 140
262 0.11730126979682245 249
263 3.114393119008154 127
264 0.2976158213146864 225
265 0.11730126979682245 250
266 0.08231818729939955 253
267 0.8402339481710877 189
268 1.4867024803253714 167
269 4.589216138053319 112
270 2.973678165513009 132
271 16.76023877357243 25
272 0.8310760344281924 190
273 0.07753167529478944 258
274 1.026975562360068 179
275 0.07753167529478944 259
276 6.016740170958453 90
277 2.0825873413099627 146
278 1.5082285461800389 164
279 1.5082285461800389 165
280 1.5082285461800389 166
281 0.04654291441115209 264
282 0.1928447623958306 235
283 1.3760493168713082 168
284 0.15353454154075918 241
285 0.7780686207758314 193
286 9.301469936908152 77
287 1.8476547300736244 148
288 23.480419178636712 17
289 4.695757475584224 105
290 11.487300343798003 47
291 10.041591150231453 63
292 4.695757475584224 106
293 4.695757475584224 107
294 4.695757475584224 108
295 4.695757475584224 109
296 4.695757475584224 110
297 9.970433993779409 64
298 1.7911851129892986 154
299 0.4189359241414864 215
300 0.4189359241414864 216
