2 0.0349799613372042
3 0.031284644206125596
7 0.02942225900583591
37 0.026030770812146505
4 0.02543000180705223
41 0.02326385500289345
50 0.020565801568386676
54 0.01832925638998763
52 0.01720169218766964
181 0.01714627977709326
211 0.016886970930003072
254 0.015933172601743078
14 0.01584999554981327
36 0.014033661419115093
45 0.013818721836793066
33 0.013489738750877528
288 0.013427923610002031
34 0.01174726495771216
110 0.01161019631408265
9 0.011045371442527709
103 0.010838071045973502
57 0.010297546939646287
21 0.010141242053558984
87 0.009912526177002468
271 0.009584803585690993
19 0.009330033020975948
32 0.00914849931323186
78 0.008959197003750771
65 0.008687544063064026
147 0.008102967164296449
137 0.007986028973129318
216 0.007929130159139573
106 0.007807021470709651
86 0.007680809791453803
8 0.0075849372373586535
56 0.00747035701568964
44 0.0074558519811530385
5 0.007412693168067279
55 0.007348468169144353
13 0.007316628653028119
249 0.007203245024537436
140 0.007201750864979656
83 0.00675931706359903
18 0.006717600127178912
15 0.0067168406546780435
185 0.006659445390681269
290 0.006569328695886832
136 0.006456737284022972
79 0.0063826313721026436
16 0.006340289958262643
68 0.00629147070552679
121 0.006268191840708278
25 0.0062407099640157246
17 0.0062230226333609045
20 0.0062230226333609045
22 0.0062230226333609045
23 0.0062230226333609045
24 0.0062230226333609045
81 0.00599186870690298
174 0.0059260204619113795
111 0.0058760820221993955
231 0.005836785139950125
291 0.005742560124772404
297 0.005701866947454158
66 0.005520598630229535
6 0.005440891732765339
10 0.005440891732765339
11 0.005440891732765339
12 0.005440891732765339
67 0.005431185010941026
127 0.005429016013140096
72 0.005425439587859678
69 0.005416841775321949
70 0.005415926118073141
71 0.005415926118073141
73 0.005415926118073141
286 0.005319301449574242
182 0.005204753924177016
179 0.005071228980579731
250 0.004532622639191364
92 0.004305996023766772
156 0.004129831895446645
99 0.003927923097474517
58 0.0038830900657797936
166 0.0037972932607101936
126 0.0037306328934979503
139 0.0037260118514222296
64 0.0034908195130681436
161 0.003449667233185143
276 0.003440838376103962
210 0.003379837763343314
173 0.003240329462766405
31 0.0031503489908625676
184 0.003109960022668019
244 0.0030891024444720215
51 0.003056021789693582
199 0.0030523601999146366
60 0.0030488237134227093
61 0.0030472127345831253
62 0.0030472127345831253
63 0.0030472127345831253
98 0.0028583277303823864
93 0.0027529518933352873
131 0.002734542333741123
289 0.002685398083975003
292 0.002685398083975003
293 0.002685398083975003
294 0.002685398083975003
295 0.002685398083975003
296 0.002685398083975003
143 0.002684518496509234
269 0.0026244694893537424
132 0.0024680577073208534
134 0.0024291146389054797
114 0.002372727672589275
155 0.0022929680552064556
233 0.0022508065323892583
157 0.002206998824048837
109 0.002097311477326579
167 0.002039512118992687
260 0.002021247049956421
186 0.00197645762822758
1 0.001846947370066681
158 0.0018416691297151882
159 0.0018416691297151882
160 0.0018416691297151882
263 0.0017810513762721314
241 0.0017774509905752584
133 0.001737733066836141
198 0.0017168533788621257
43 0.0017069431020914328
270 0.0017005796593090484
215 0.0016922288520506536
259 0.0016837979163332477
120 0.0015810294579720597
192 0.0015650151815588453
220 0.0014862754008099193
27 0.0014781003231967606
251 0.0014490792014336383
261 0.0013161262787925638
162 0.0012854440034822247
104 0.0012753620716641485
108 0.0012385366172876992
165 0.0012142777218089346
168 0.0011929981003473544
277 0.0011909848592358504
88 0.0011634065541168193
287 0.0010566321829407837
151 0.0010490980891261058
253 0.0010483221941567364
148 0.0010449983278380363
170 0.0010445808159042671
204 0.0010324786626312516
298 0.0010243384790368818
142 0.0009927582157303891
105 0.000979447733397735
107 0.000979447733397735
29 0.0009633763165106802
172 0.0008961005737141129
169 0.0008946470891214445
171 0.0008946470891214445
46 0.0008728194904681066
59 0.0008665795955934397
278 0.0008625219826976637
279 0.0008625219826976637
280 0.0008625219826976637
268 0.0008502117097966017
283 0.0007869316544124926
47 0.0007785306984193049
180 0.000760190665874377
74 0.0007171645594836025
135 0.0007147806017466157
239 0.000713906216990006
26 0.0006961653250605579
91 0.0006759878539556389
122 0.0006540366637785109
129 0.0006202358743166398
124 0.0006128372399934151
274 0.0005873042255249268
209 0.0005864719376577329
207 0.0005729917859256789
203 0.0005615291647621338
200 0.0005293282265426353
89 0.0005289590865726636
90 0.0005289590865726636
187 0.0004957643936429599
188 0.0004957643936429599
189 0.0004957643936429599
267 0.0004805108965361685
272 0.0004752736916451047
154 0.00046050105218484937
219 0.00044618548288420434
285 0.0004449599440125546
205 0.0004240540157201474
190 0.0003996886536863312
240 0.0003727181580244835
201 0.0003710936427400127
212 0.0003666685531020418
191 0.00036600878938180685
193 0.00036600878938180685
194 0.00036600878938180685
195 0.00036600878938180685
196 0.00036600878938180685
197 0.00036600878938180685
221 0.0003237643774102595
138 0.00032177360015981233
163 0.0003038340409324015
141 0.00029844285271854286
146 0.00026671164332351386
144 0.0002661485359294616
145 0.0002661485359294616
213 0.00026290123299690455
202 0.0002598312620197274
217 0.0002414931836168411
299 0.00023958003236908574
300 0.00023958003236908574
42 0.00023334324927725317
30 0.0002323689079460419
128 0.0002306869754063236
130 0.0002306869754063236
28 0.00020053589989553017
248 0.00019982999677481937
247 0.00019444673825783182
208 0.00017316290556856456
264 0.000170199794276997
234 0.00015452762308928804
218 0.00015351943491264148
38 0.00013494854894202012
39 0.00013494854894202012
40 0.00013494854894202012
214 0.00012825530747788947
255 0.0001248345946564663
183 0.00011444815432241016
242 0.00011376617170129258
282 0.00011028358217711145
119 0.00010906602199987141
35 0.00010458877295872888
123 0.00010243249745519626
125 0.00010243249745519626
113 0.00010082520833011418
284 8.780295103001217e-05
85 8.206556597224607e-05
80 8.204045602651364e-05
82 8.204045602651364e-05
84 8.204045602651364e-05
246 8.070262289202642e-05
115 7.238073376143723e-05
77 6.715582022480278e-05
262 6.708195787326751e-05
265 6.708195787326751e-05
112 6.136069300089584e-05
257 5.5176110287483784e-05
266 4.707591982752476e-05
100 4.6995637282004586e-05
101 4.6995637282004586e-05
102 4.6995637282004586e-05
48 4.618286052179689e-05
273 4.4338621269637855e-05
275 4.4338621269637855e-05
245 4.387152508050403e-05
226 3.9913701516673475e-05
49 3.637067169114132e-05
118 3.046924687658992e-05
281 2.6616845915103438e-05
227 2.5605776203434894e-05
228 2.5114000959580567e-05
229 2.5114000959580567e-05
230 2.5114000959580567e-05
232 2.5114000959580567e-05
177 2.4095968756628924e-05
206 2.4035075322747852e-05
164 2.188949919368088e-05
75 1.7954714802827535e-05
76 1.7954714802827535e-05
225 1.612851237175696e-05
149 1.564320179352202e-05
150 1.564320179352202e-05
152 1.564320179352202e-05
153 1.564320179352202e-05
178 1.5368064273658335e-05
175 1.4035156304998436e-05
176 1.4035156304998436e-05
243 1.2824697240641e-05
116 1.1703758220324321e-05
117 1.1703758220324321e-05
222 1.1277138999419616e-05
223 1.1277138999419616e-05
224 1.1277138999419616e-05
252 1.1043428199585453e-05
53 1.0136095203648456e-05
94 3.638578514245914e-06
95 3.638578514245914e-06
96 3.638578514245914e-06
97 3.638578514245914e-06
235 3.033427006461896e-06
236 3.033427006461896e-06
237 3.033427006461896e-06
238 3.033427006461896e-06
256 9.720637354434574e-07
258 9.720637354434574e-07
