1 503
2 232
3 51
4 40
5 17
6 373
7 227
8 20
9 124
10 17
11 5
12 7
13 297
14 288
15 6
16 231
17 24
18 29
19 50
20 39
21 34
22 362
23 40
24 211
25 177
26 24
27 24
28 28
29 174
30 19
31 75
32 101
33 130
34 258
35 415
36 24
37 41
38 172
39 316
40 503
41 255
42 252
43 226
44 58
45 154
46 77
47 17
48 112
49 30
50 170
51 460
52 69
53 6
54 6
55 372
56 64
57 223
58 10
59 88
60 296
61 83
62 116
63 80
64 297
65 40
66 25
67 348
68 59
69 19
70 18
71 78
72 153
73 155
74 21
75 30
76 24
77 165
78 53
79 136
80 125
81 16
82 18
83 71
84 109
85 148
86 21
87 77
88 18
89 110
90 66
91 245
92 111
93 53
94 98
95 233
96 79
97 5
98 75
99 78
100 24
101 41
102 348
103 152
104 2
105 189
106 18
107 10
108 264
109 78
110 203
111 87
112 26
113 23
114 34
115 23
116 26
117 27
118 52
119 38
120 27
121 51
122 340
123 46
124 12
125 28
126 207
127 32
128 7
129 124
130 47
131 68
132 174
133 40
134 42
135 176
136 73
137 352
138 59
139 8
140 134
141 77
142 60
143 20
144 37
145 82
146 131
147 5
148 63
149 265
150 65
151 53
152 39
153 137
154 41
155 204
156 112
157 76
158 17
159 305
160 92
161 118
162 40
163 37
164 123
165 147
166 186
167 55
168 9
169 247
170 58
171 18
172 18
173 18
174 18
175 28
176 29
177 36
178 45
179 160
180 124
181 174
182 102
183 41
184 27
185 22
186 22
187 22
188 82
189 58
190 66
191 26
192 18
193 18
194 18
195 18
196 18
197 18
198 66
199 21
200 17
201 83
202 5
203 147
204 152
205 106
206 57
207 26
208 69
209 36
210 149
211 87
212 25
213 25
214 55
215 30
216 25
217 91
218 147
219 80
220 55
221 152
222 23
223 35
224 25
225 55
226 23
227 35
228 398
229 158
230 50
231 27
232 22
233 39
234 30
235 86
236 176
237 21
238 197
239 48
240 10
241 22
242 245
243 145
244 18
245 18
246 18
247 64
248 98
249 215
250 35
251 18
252 28
253 47
254 93
255 52
256 57
257 29
258 34
259 115
260 45
261 144
262 61
263 70
264 24
265 31
266 22
267 91
268 75
269 18
270 18
271 18
272 18
273 18
274 18
275 65
276 41
277 8
278 78
279 114
280 104
281 207
282 186
283 118
284 35
285 37
286 26
287 73
288 60
289 241
290 122
291 40
292 25
293 31
294 178
295 20
296 18
297 19
298 18
299 33
300 259
