1 4
2 180
3 186
4 97
5 53
6 25
7 287
8 107
9 46
10 20
11 20
12 20
13 65
14 190
15 44
16 29
17 27
18 51
19 133
20 27
21 87
22 27
23 27
24 27
25 30
26 40
27 89
28 18
29 54
30 21
31 121
32 149
33 80
34 10
35 5
36 239
37 61
38 20
39 20
40 20
41 56
42 27
43 50
44 83
45 330
46 49
47 25
48 16
49 8
50 103
51 31
52 91
53 23
54 82
55 106
56 47
57 251
58 32
59 10
60 16
61 10
62 10
63 10
64 34
65 179
66 31
67 25
68 31
69 26
70 22
71 22
72 32
73 22
74 46
75 7
76 7
77 16
78 121
79 51
80 19
81 31
82 19
83 63
84 19
85 24
86 100
87 156
88 25
89 8
90 8
91 14
92 170
93 107
94 15
95 15
96 15
97 15
98 76
99 24
100 7
101 7
102 7
103 103
104 34
105 16
106 99
107 16
108 34
109 84
110 196
111 98
112 25
113 31
114 98
115 27
116 13
117 13
118 19
119 18
120 35
121 139
122 48
123 13
124 19
125 13
126 45
127 111
128 12
129 14
130 10
131 68
132 50
133 37
134 54
135 25
136 70
137 77
138 22
139 22
140 44
141 12
142 47
143 62
144 11
145 11
146 13
147 109
148 20
149 16
150 15
151 24
152 15
153 15
154 22
155 102
156 141
157 32
158 10
159 10
160 10
161 132
162 54
163 28
164 9
165 46
166 111
167 50
168 36
169 24
170 29
171 24
172 28
173 107
174 57
175 17
176 17
177 19
178 22
179 110
180 52
181 84
182 73
183 73
184 55
185 83
186 50
187 22
188 22
189 22
190 31
191 26
192 77
193 26
194 26
195 26
196 26
197 26
198 49
199 133
200 34
201 23
202 18
203 50
204 55
205 39
206 12
207 34
208 14
209 20
210 86
211 165
212 62
213 40
214 29
215 84
216 135
217 38
218 21
219 37
220 46
221 51
222 22
223 22
224 22
225 27
226 35
227 17
228 16
229 12
230 12
231 27
232 12
233 148
234 14
235 9
236 9
237 9
238 9
239 80
240 49
241 75
242 27
243 33
244 66
245 40
246 55
247 58
248 60
249 86
250 106
251 88
252 16
253 58
254 164
255 14
256 8
257 11
258 8
259 61
260 61
261 35
262 9
263 37
264 15
265 9
266 6
267 16
268 24
269 86
270 43
271 99
272 35
273 9
274 24
275 9
276 124
277 36
278 18
279 18
280 18
281 31
282 23
283 31
284 14
285 18
286 56
287 50
288 102
289 33
290 46
291 56
292 33
293 33
294 33
295 33
296 33
297 106
298 29
299 7
300 7
