1 0.008257104957401097 50
2 0.0839913250260305 44
3 2.427154803817073 32
4 10.88261718388804 5
5 10.850493152769259 6
6 9.644712072620651 8
7 9.77320846428595 7
8 8.683745283635611 11
9 15.608982024589011 1
10 9.295226947951257 10
11 8.683745283635611 12
12 8.683745283635611 13
13 8.683745283635611 14
14 0.40999224236479476 40
15 15.360750964162632 2
16 7.89493889528094 16
17 7.849170621076395 17
18 7.202961285283816 20
19 7.242410779111708 19
20 15.252058248005842 3
21 7.202961285283816 21
22 8.089508721606515 15
23 7.202961285283816 22
24 7.202961285283816 23
25 7.202961285283816 24
26 7.407710068707709 18
27 1.7912906633996413 36
28 9.634496927959841 9
29 0.5924623756921336 37
30 4.052772886310343 30
31 0.5924623756921336 38
32 5.590667093263308 26
33 11.057365537895453 4
34 1.939186967856942 34
35 1.8170529896113714 35
36 0.15791291330431037 43
37 3.379474084319664 31
38 5.094830985450066 28
39 0.03098838703730021 45
40 0.03098838703730021 46
41 0.03098838703730021 47
42 5.053239375145757 29
43 0.2973551676762303 42
44 2.1159170466071466 33
45 5.159570891854479 27
46 5.611237571545963 25
47 0.586899193387741 39
48 0.3072087188071367 41
49 0.029623548574048388 48
50 0.029623548574048388 49
