9 0.057005662787754145
15 0.05609909654904484
20 0.055702139187254154
33 0.0403826751918371
4 0.03974447561382689
5 0.03962715523492866
7 0.03569279695446243
6 0.03522351446306254
28 0.0351862076681066
10 0.03394715761065183
8 0.03171396152509287
11 0.03171396152509287
12 0.03171396152509287
13 0.03171396152509287
22 0.029543746387563623
16 0.028833156684102183
17 0.028666006078023474
26 0.027053745179600942
19 0.026450054589982685
18 0.026305980842011308
21 0.026305980842011308
23 0.026305980842011308
24 0.026305980842011308
25 0.026305980842011308
46 0.020492836516925128
32 0.020417710942014698
45 0.018843301755824316
38 0.018606864730809684
42 0.01845496774559488
30 0.014801157701918977
37 0.012342198853659931
3 0.00886422753656267
44 0.0077275541387474694
34 0.007082117091166997
35 0.006636070810389297
27 0.0065419840545495826
29 0.0021637356202943506
31 0.0021637356202943506
47 0.0021434182867250367
14 0.0014973352827894006
48 0.0011219589209718968
43 0.0010859727040523387
36 0.0005767147576617442
2 0.0003067452537255785
39 0.00011317288590645682
40 0.00011317288590645682
41 0.00011317288590645682
49 0.0001081883506514783
50 0.0001081883506514783
1 3.0155825669040946e-05
