1 0.0016529143947639183 100
2 8.863040174969079 22
3 21.66588901303805 2
4 20.385211521479523 3
5 4.255434671302613 50
6 0.8550799359305679 68
7 23.756636863470288 1
8 2.9603229967274043 53
9 5.566144443744708 39
10 0.8550799359305679 69
11 0.8550799359305679 70
12 0.8550799359305679 71
13 7.870054639239356 25
14 16.655302809037153 4
15 9.781511300787942 13
16 9.491311430219982 15
17 9.210193043732568 17
18 9.50058967680576 14
19 15.473046542122843 5
20 9.210193043732568 18
21 12.343969041194 10
22 9.210193043732568 19
23 9.210193043732568 20
24 9.210193043732568 21
25 9.328603039141429 16
26 0.8445672619461653 73
27 7.332112106644108 28
28 0.28752580650476867 78
29 1.1058829588124304 64
30 0.28752580650476867 79
31 4.8465467092834915 42
32 6.485375310794838 34
33 5.683778764749024 38
34 5.077140668578678 41
35 0.25395186865504416 80
36 13.676141795660108 8
37 12.016112005091948 11
38 0.03936945903478075 90
39 0.03936945903478075 91
40 0.03936945903478075 92
41 6.930094560116077 30
42 0.23842227210894684 81
43 3.301480275841394 52
44 5.313331473513895 40
45 10.854644453884916 12
46 0.8443256803065278 74
47 0.8036881713100243 75
48 0.06437877117573262 87
49 0.03357335309694638 93
50 13.46446674057303 9
51 1.4229643120840232 63
52 15.17612110381296 6
53 0.025492346816917113 94
54 5.9776789249630555 36
55 7.401973213761112 26
56 6.83834606980947 31
57 15.075286515711301 7
58 1.8238421615570637 61
59 1.4756898641323177 62
60 1.8726111865312078 57
61 1.8654389245539393 58
62 1.8654389245539393 59
63 1.8654389245539393 60
64 2.2591190987416008 56
65 8.215778945159164 24
66 4.685200532328524 43
67 4.6720607945088295 44
68 6.936036880979634 29
69 4.573752187424551 46
70 4.573752187424551 47
71 4.573752187424551 48
72 4.621930553301873 45
73 4.573752187424551 49
74 0.8893433836478504 66
75 0.06137308160339385 88
76 0.06137308160339385 89
77 0.10708963328421937 82
78 8.519004687135707 23
79 6.64777434190846 32
80 0.08766039848608513 84
81 5.817528329547131 37
82 0.08766039848608513 85
83 6.47817340480803 35
84 0.08766039848608513 86
85 0.09979023953411822 83
86 6.496396538175812 33
87 7.333906001609497 27
88 0.9461120376456775 65
89 0.6160776595578017 76
90 0.6160776595578017 77
91 0.8544470646436055 72
92 3.919284391192706 51
93 2.734987830891658 54
94 0.011512766482268436 95
95 0.011512766482268436 96
96 0.011512766482268436 97
97 0.011512766482268436 98
98 2.6275568867060906 55
99 0.8893293932892341 67
100 0.004126675746271393 99
