7 0.04793187004873731
3 0.043713534985254925
4 0.041129614228604554
14 0.033604075124483865
19 0.03121873101724712
52 0.030619648259657052
57 0.030416202359419445
36 0.027593259731374647
50 0.027166179867701087
21 0.02490544109288196
37 0.024243950119251265
45 0.021900549744432878
15 0.019735374634216454
18 0.019168581495441032
16 0.019149861517853906
25 0.01882157778384573
17 0.0185826713870764
20 0.0185826713870764
22 0.0185826713870764
23 0.0185826713870764
24 0.0185826713870764
2 0.017882248751993565
78 0.017188115807597736
65 0.016576321430162085
13 0.015878781092307316
55 0.014934370560328777
87 0.014797036779197165
27 0.014793417380506338
68 0.013994288010672602
41 0.013982298664156224
56 0.013797185058227168
79 0.013412683693441807
86 0.013107260781163617
32 0.013085024130343115
83 0.01307049341945812
54 0.012060685654751843
81 0.011737562580900106
33 0.011467706759311328
9 0.011230365378877115
44 0.01072028482726622
34 0.010243741491863832
31 0.009778490465193631
66 0.00945295516189665
67 0.009426444161654165
72 0.00932530037514714
69 0.009228094731702585
70 0.009228094731702585
71 0.009228094731702585
73 0.009228094731702585
5 0.008585850886133072
92 0.00790762729599814
43 0.006661133242871947
8 0.005972807430483204
93 0.005518166651642258
98 0.0053014118102263945
64 0.0045580442925407085
60 0.003778218127442224
61 0.003763747226909222
62 0.003763747226909222
63 0.003763747226909222
58 0.003679820758281831
59 0.0029773816557591938
51 0.002871001517713946
29 0.0022312517792624723
88 0.0019088947438393542
74 0.001794357161693221
99 0.0017943289344632901
6 0.0017252265379923632
10 0.0017252265379923632
11 0.0017252265379923632
12 0.0017252265379923632
91 0.0017239496441096732
26 0.00170401595476962
46 0.0017035285347773116
47 0.0016215374763830191
89 0.0012430107210697654
90 0.0012430107210697654
28 0.0005801178707343251
30 0.0005801178707343251
35 0.0005123784160595819
42 0.00048104558861288916
77 0.00021606620565215495
85 0.00020133880148820945
80 0.00017686538935636983
82 0.00017686538935636983
84 0.00017686538935636983
48 0.00012989190816977656
75 0.00012382756822064363
76 0.00012382756822064363
38 7.943261519671786e-05
39 7.943261519671786e-05
40 7.943261519671786e-05
49 6.773827486573513e-05
53 5.143387348504189e-05
94 2.3228390032684954e-05
95 2.3228390032684954e-05
96 2.3228390032684954e-05
97 2.3228390032684954e-05
100 8.326064280070939e-06
1 3.3349534459288845e-06
