1 103
2 150
3 92
4 32
5 30
6 17
7 87
8 16
9 48
10 15
11 5
12 7
13 112
14 132
15 6
16 104
17 24
18 27
19 37
20 29
21 29
22 147
23 30
24 82
25 81
26 22
27 24
28 21
29 93
30 18
31 42
32 60
33 69
34 113
35 156
36 22
37 32
38 75
39 139
40 184
41 120
42 112
43 104
44 34
45 62
46 42
47 17
48 39
49 22
50 74
51 168
52 32
53 6
54 6
55 139
56 26
57 80
58 8
59 46
60 104
61 47
62 52
63 43
64 108
65 28
66 16
67 133
68 42
69 18
70 18
71 40
72 77
73 62
74 14
75 19
76 16
77 82
78 35
79 57
80 54
81 9
82 12
83 15
84 65
85 74
86 18
87 41
88 15
89 60
90 43
91 103
92 57
93 35
94 56
95 91
96 30
97 5
98 40
99 46
100 11
