1 4
2 27
3 49
4 81
5 35
6 24
7 144
8 54
9 46
10 20
11 20
12 20
13 40
14 86
15 34
16 29
17 27
18 32
19 67
20 27
21 52
22 27
23 27
24 27
25 30
26 22
27 44
28 13
29 32
30 15
31 72
32 65
33 26
34 10
35 5
36 82
37 40
38 20
39 20
40 20
41 34
42 24
43 26
44 46
45 113
46 29
47 17
48 14
49 8
50 42
51 22
52 45
53 19
54 40
55 61
56 32
57 106
58 25
59 10
60 14
61 10
62 10
63 10
64 25
65 71
66 26
67 25
68 25
69 24
70 22
71 22
72 29
73 22
74 22
75 7
76 7
77 12
78 57
79 36
80 19
81 28
82 19
83 43
84 19
85 23
86 46
87 59
88 15
89 8
90 8
91 13
92 61
93 48
94 15
95 15
96 15
97 15
98 24
99 12
100 3
