1 1 1 2
1 1 1 5
1 1 1 7
1 1 1 9
1 1 1 16
1 1 1 17
1 1 1 19
1 1 1 20
1 2 1 1
1 2 1 5
1 2 1 7
1 2 1 9
1 2 1 20
1 3 1 7
1 3 1 9
1 3 1 11
1 3 1 13
1 3 1 14
1 3 1 15
1 3 1 17
1 4 1 5
1 4 1 9
1 4 1 11
1 4 1 14
1 4 1 15
1 4 1 16
1 4 1 18
1 4 1 20
1 5 1 1
1 5 1 2
1 5 1 4
1 5 1 6
1 5 1 7
1 5 1 11
1 5 1 12
1 5 1 14
1 5 1 18
1 5 1 20
1 6 1 5
1 6 1 7
1 6 1 10
1 6 1 20
1 7 1 1
1 7 1 2
1 7 1 3
1 7 1 5
1 7 1 6
1 7 1 8
1 7 1 9
1 7 1 18
1 7 1 20
1 8 1 7
1 8 1 10
1 8 1 12
1 8 1 17
1 8 1 18
1 9 1 1
1 9 1 2
1 9 1 3
1 9 1 4
1 9 1 7
1 9 1 10
1 9 1 15
1 9 1 18
1 9 1 20
1 10 1 6
1 10 1 8
1 10 1 9
1 10 1 11
1 10 1 13
1 10 1 14
1 10 1 15
1 10 1 16
1 10 1 18
1 10 1 20
1 11 1 3
1 11 1 4
1 11 1 5
1 11 1 10
1 11 1 13
1 11 1 18
1 11 1 19
1 11 1 20
1 12 1 5
1 12 1 8
1 12 1 14
1 12 1 17
1 12 1 20
1 13 1 3
1 13 1 10
1 13 1 11
1 13 1 15
1 13 1 19
1 13 1 20
1 14 1 3
1 14 1 4
1 14 1 5
1 14 1 10
1 14 1 12
1 14 1 16
1 14 1 18
1 14 1 19
1 15 1 3
1 15 1 4
1 15 1 9
1 15 1 10
1 15 1 13
1 15 1 17
1 15 1 20
1 16 1 1
1 16 1 4
1 16 1 10
1 16 1 14
1 16 1 17
1 16 1 18
1 16 1 19
1 17 1 1
1 17 1 3
1 17 1 8
1 17 1 12
1 17 1 15
1 17 1 16
1 17 1 20
1 18 1 4
1 18 1 5
1 18 1 7
1 18 1 8
1 18 1 9
1 18 1 10
1 18 1 11
1 18 1 14
1 18 1 16
1 18 1 19
1 18 1 20
1 19 1 1
1 19 1 11
1 19 1 13
1 19 1 14
1 19 1 16
1 19 1 18
1 19 1 20
1 20 1 1
1 20 1 2
1 20 1 4
1 20 1 5
1 20 1 6
1 20 1 7
1 20 1 9
1 20 1 10
1 20 1 11
1 20 1 12
1 20 1 13
1 20 1 15
1 20 1 17
1 20 1 18
1 20 1 19
2 1 2 2
2 1 2 4
2 1 2 5
2 1 2 6
2 1 2 9
2 1 2 12
2 1 2 13
2 1 2 14
2 1 2 18
2 1 2 19
2 2 2 1
2 2 2 4
2 2 2 8
2 2 2 10
2 2 2 13
2 2 2 18
2 2 2 19
2 3 2 4
2 3 2 5
2 3 2 6
2 3 2 12
2 3 2 14
2 3 2 15
2 3 2 17
2 3 2 20
2 4 2 1
2 4 2 2
2 4 2 3
2 4 2 5
2 4 2 6
2 4 2 7
2 4 2 8
2 4 2 9
2 4 2 10
2 4 2 11
2 4 2 12
2 4 2 13
2 4 2 14
2 4 2 16
2 4 2 17
2 4 2 18
2 4 2 20
2 5 2 1
2 5 2 3
2 5 2 4
2 5 2 6
2 5 2 7
2 5 2 8
2 5 2 11
2 5 2 14
2 5 2 17
2 5 2 19
2 5 2 20
2 6 2 1
2 6 2 3
2 6 2 4
2 6 2 5
2 6 2 8
2 6 2 11
2 6 2 12
2 6 2 19
2 7 2 4
2 7 2 5
2 7 2 10
2 7 2 11
2 7 2 12
2 7 2 13
2 7 2 15
2 7 2 16
2 7 2 17
2 7 2 18
2 7 2 19
2 7 2 20
2 8 2 2
2 8 2 4
2 8 2 5
2 8 2 6
2 8 2 9
2 8 2 12
2 8 2 13
2 8 2 14
2 8 2 18
2 8 2 19
2 9 2 1
2 9 2 4
2 9 2 8
2 9 2 10
2 9 2 13
2 9 2 16
2 9 2 18
2 9 2 19
2 10 2 2
2 10 2 4
2 10 2 7
2 10 2 9
2 10 2 13
2 10 2 15
2 10 2 18
2 10 2 19
2 10 2 20
2 11 2 4
2 11 2 5
2 11 2 6
2 11 2 7
2 11 2 12
2 11 2 14
2 11 2 15
2 11 2 17
2 11 2 20
2 12 2 1
2 12 2 3
2 12 2 4
2 12 2 6
2 12 2 7
2 12 2 8
2 12 2 11
2 12 2 14
2 12 2 19
2 12 2 20
2 13 2 1
2 13 2 2
2 13 2 4
2 13 2 7
2 13 2 8
2 13 2 9
2 13 2 10
2 13 2 16
2 13 2 17
2 13 2 19
2 13 2 20
2 14 2 1
2 14 2 3
2 14 2 4
2 14 2 5
2 14 2 8
2 14 2 11
2 14 2 12
2 14 2 19
2 15 2 3
2 15 2 7
2 15 2 10
2 15 2 11
2 15 2 16
2 15 2 17
2 15 2 20
2 16 2 4
2 16 2 7
2 16 2 9
2 16 2 13
2 16 2 15
2 16 2 18
2 16 2 19
2 16 2 20
2 17 2 3
2 17 2 4
2 17 2 5
2 17 2 7
2 17 2 11
2 17 2 13
2 17 2 15
2 17 2 18
2 17 2 19
2 18 2 1
2 18 2 2
2 18 2 4
2 18 2 7
2 18 2 8
2 18 2 9
2 18 2 10
2 18 2 16
2 18 2 17
2 18 2 19
2 18 2 20
2 19 2 1
2 19 2 2
2 19 2 5
2 19 2 6
2 19 2 7
2 19 2 8
2 19 2 9
2 19 2 10
2 19 2 12
2 19 2 13
2 19 2 14
2 19 2 16
2 19 2 17
2 19 2 18
2 19 2 20
2 20 2 3
2 20 2 4
2 20 2 5
2 20 2 7
2 20 2 10
2 20 2 11
2 20 2 12
2 20 2 13
2 20 2 15
2 20 2 16
2 20 2 18
2 20 2 19
