1 0.01024194022828714 287
2 1.2428212554499853 159
3 1.1815366041388362 167
4 11.046001798183436 81
5 38.312418986272604 20
6 25.57250820690111 34
7 39.40917612864255 18
8 27.654522135323315 32
9 15.577644806768607 54
10 50.26909648414776 9
11 39.98513129220434 17
12 18.904123078364623 48
13 15.577644806768607 55
14 15.577644806768607 56
15 15.577644806768607 57
16 14.000653911066266 66
17 53.160171137515555 6
18 2.630487529074099 121
19 0.2579508506570861 241
20 0.038915680946755155 271
21 37.082020003864535 21
22 35.05332914593741 25
23 13.347835513400787 70
24 12.229433488502952 78
25 1.0792209891044788 174
26 1.068914218281954 175
27 24.50511339540841 36
28 38.80952001355322 19
29 1.068914218281954 176
30 1.068914218281954 177
31 1.068914218281954 178
32 1.068914218281954 179
33 1.9536710580620231 135
34 24.37658324953713 37
35 36.96126860706174 23
36 85.08033003484738 1
37 50.52439505692809 8
38 23.712020206268544 41
39 0.3989055918754066 231
40 0.3120376243134343 239
41 24.656048732145873 35
42 1.479653627582218 143
43 5.563380354065749 100
44 0.04060015600041502 270
45 4.829715206387897 104
46 20.186653410493967 46
47 31.593626225119426 28
48 56.41107195650206 5
49 40.39282620186443 16
50 0.24863857268047296 243
51 0.24863857268047296 244
52 0.24863857268047296 245
53 37.041009754853114 22
54 0.37783405300360734 234
55 12.929004577463758 73
56 12.52398075009369 76
57 63.921700722293856 3
58 28.82267122633923 31
59 0.011013621692058361 283
60 0.011013621692058361 284
61 0.011013621692058361 285
62 0.011013621692058361 286
63 5.125967326811504 103
64 9.624838285330071 86
65 0.09035354303719409 262
66 0.09035354303719409 263
67 0.09035354303719409 264
68 45.465036658261674 12
69 1.384376447092634 154
70 1.2837697836830164 157
71 1.271423373404383 158
72 1.4612557064496587 144
73 1.1955343986325824 163
74 1.1955343986325824 164
75 1.2297651153377043 160
76 1.1955343986325824 165
77 12.634486052831942 75
78 0.05114592507208265 269
79 0.08038407436486458 266
80 0.5968908315146799 213
81 28.845268794054654 30
82 2.482522698085474 122
83 1.1695329085965103 169
84 0.6828932043005872 201
85 1.0385102473688872 182
86 0.8896307856434131 189
87 0.8896307856434131 190
88 0.8896307856434131 191
89 10.772992408051039 84
90 6.7258676800223745 97
91 0.9753370135328616 187
92 0.7427016866318374 198
93 2.480597245891232 123
94 0.153845134618866 254
95 0.14675487887048771 255
96 0.14675487887048771 256
97 0.20150211328725076 251
98 19.094996620311644 47
99 8.988120767295928 90
100 0.2451266357277617 246
101 9.106447323052633 89
102 0.2451266357277617 247
103 9.68984826489993 85
104 0.2451266357277617 248
105 0.25340297779209175 242
106 13.03418412414439 72
107 25.579561138472215 33
108 2.7352904376465332 119
109 2.2639451373518833 126
110 2.2639451373518833 127
111 2.374460378666936 124
112 43.658727132653844 14
113 1.2032175701986931 162
114 0.49472801282890816 224
115 0.0878423780699206 265
116 0.6057078117265343 211
117 14.549250265154313 61
118 0.8536249742994657 193
119 0.4374151365620736 227
120 0.4374151365620736 228
121 7.738146597760122 96
122 9.448898977514599 88
123 10.779401509826794 83
124 17.018865525599985 51
125 0.32032392520666597 236
126 0.4826809556503247 225
127 0.32032392520666597 237
128 0.6599021521436692 209
129 14.449228662759598 62
130 45.53081859796176 11
131 5.2755481929281975 102
132 1.1180882303484552 173
133 2.1915389036584805 130
134 2.131285153599229 132
135 51.531635627375856 7
136 8.456791659763338 94
137 10.872980647973383 82
138 8.456791659763338 95
139 11.570540239979037 80
140 35.19158162615779 24
141 0.7344828810791826 199
142 0.0030719740474575057 290
143 0.0030719740474575057 291
144 0.0030719740474575057 292
145 0.0030719740474575057 293
146 0.3385058505137216 235
147 15.688481623559216 53
148 2.2334423951633076 129
149 1.7618877069503838 136
150 1.7618877069503838 137
151 1.7618877069503838 138
152 21.194569086369146 45
153 1.7244587833627012 140
154 0.8715249304018475 192
155 0.7824448899290872 196
156 0.8006997318987417 194
157 0.7824448899290872 197
158 2.7167997613975188 120
159 9.621900029168193 87
160 5.427567003541325 101
161 0.015099814132859967 281
162 0.015099814132859967 282
163 0.024863954413355243 278
164 0.6174994431454247 210
165 41.03408236020442 15
166 4.790673515878545 105
167 0.42029288917818475 229
168 14.139239868787449 64
169 0.4084800600863656 230
170 4.132791012814655 113
171 22.509632495580885 42
172 14.622748918195343 60
173 16.58111855232739 52
174 0.793642149947205 195
175 1.690072565842967 142
176 12.743930914260176 74
177 13.893420529232355 67
178 11.614904410437731 79
179 14.656793469786685 59
180 12.452924322762355 77
181 1.0142740732182254 183
182 1.0142740732182254 184
183 1.0142740732182254 185
184 2.2502144925627086 128
185 1.2144344416981983 161
186 0.6674927573319506 202
187 0.6674927573319506 203
188 0.6674927573319506 204
189 0.6674927573319506 205
190 0.6674927573319506 206
191 0.6674927573319506 207
192 32.77670569175849 27
193 0.5407247783445349 217
194 0.0035883190421308222 288
195 0.05905964740314838 268
196 0.0035883190421308222 289
197 0.5854764201442869 214
198 4.672003526245845 106
199 1.1688316498668931 170
200 0.45747068729560114 226
201 1.1277937244146543 172
202 47.74711373562031 10
203 0.15432527152238487 253
204 0.2628339237129548 240
205 0.603341767380911 212
206 8.761913029024456 93
207 14.097545655196946 65
208 13.408365233735438 69
209 3.892641897921939 114
210 1.1705201429690744 168
211 1.1939869207436722 166
212 0.13682576206804367 258
213 2.1528338172242045 131
214 0.21860182275569437 250
215 0.13682576206804367 259
216 0.0015352224558422894 300
217 0.5772149445195883 215
218 1.0402066857244803 181
219 22.484179226965427 43
220 0.9321472088848406 188
221 0.38706767818464 232
222 0.38706767818464 233
223 23.74522475656822 40
224 3.321012977944511 117
225 0.5037858815080453 222
226 2.81969658399952 118
227 0.5037858815080453 223
228 17.387591319002105 50
229 1.4523519882137683 145
230 1.4523519882137683 146
231 1.4523519882137683 147
232 1.4523519882137683 148
233 1.7579322522919065 139
234 1.4523519882137683 149
235 1.4523519882137683 150
236 1.6979796631235335 141
237 1.4523519882137683 151
238 1.4523519882137683 152
239 0.9994293595240986 186
240 18.498887247892146 49
241 0.6672204217755338 208
242 0.24400874288001986 249
243 1.1373792032325845 171
244 3.462758501681992 116
245 2.364711651738661 125
246 1.0508924562124708 180
247 0.10864670574841115 261
248 0.7169867433230294 200
249 23.93126866203892 39
250 34.669987618071275 26
251 4.461691629493163 107
252 8.77360699272977 92
253 14.329856181431131 63
254 4.461691629493163 108
255 4.461691629493163 109
256 4.461691629493163 110
257 4.461691629493163 111
258 4.461691629493163 112
259 24.02874121438114 38
260 2.0375293801688077 134
261 0.5366195880611468 218
262 0.5366195880611468 219
263 0.5424553752151946 216
264 0.5366195880611468 220
265 0.5366195880611468 221
266 0.16406520079884718 252
267 3.8115799689145025 115
268 74.87135909860837 2
269 0.0242046007197391 279
270 0.002163739078663434 294
271 0.018821198672399855 280
272 0.002163739078663434 295
273 21.99077461698507 44
274 44.87361919356985 13
275 29.15522148162272 29
276 2.053015890423639 133
277 1.2886889653587845 155
278 14.896767411162536 58
279 1.2886889653587845 156
280 6.720790277591855 98
281 63.153626379914805 4
282 0.31559455033297323 238
283 0.037992300908739764 272
284 0.030199587010935728 273
285 0.030199587010935728 274
286 0.030199587010935728 275
287 13.70241258038637 68
288 0.030199587010935728 276
289 8.783434020145295 91
290 0.10975604420085863 260
291 0.0019961374755390194 296
292 0.0019961374755390194 297
293 0.0019961374755390194 298
294 0.0019961374755390194 299
295 5.566137389160109 99
296 0.1426475064207632 257
297 13.190115679929159 71
298 0.07249115166253768 267
299 0.02815687530874937 277
300 1.449495599166837 153
