36 0.03237065094856328
268 0.02848642724391068
57 0.024320392989453585
281 0.02402816250057894
48 0.021462811900121826
17 0.020225936400970507
135 0.019606324858155843
37 0.01922309840717896
10 0.019125964545759364
202 0.01816642168529511
130 0.017323184285172682
68 0.01729815612404685
274 0.017073138563506337
112 0.016610906613677447
165 0.01561230376671937
49 0.015368323997697102
11 0.015213207655192231
7 0.014994073061402513
28 0.01476592092820348
5 0.014576788095342085
21 0.014108656201981
53 0.01409305296612709
35 0.014062713722493042
140 0.013389398051014157
22 0.013336796905976825
250 0.013190946334081285
192 0.01247060629357142
47 0.012020478133004815
275 0.011092734331461929
81 0.010974806130481449
58 0.010966208397297963
8 0.010521760820923143
107 0.009732297050232092
6 0.009729613609935623
41 0.009380926789448976
27 0.009323500177453807
34 0.009274598104710752
259 0.009142254082294987
249 0.009105168542457012
223 0.009034384116460627
38 0.009021750727436224
171 0.008564276327988425
219 0.008554592081658945
273 0.008366865630673808
152 0.008063932023054663
46 0.007680448713622539
98 0.007265104286818514
12 0.007192482321210808
240 0.007038301588546713
228 0.006615485026834684
124 0.006475195327099582
173 0.006308645027285355
147 0.005969022009448951
9 0.00592685174627403
13 0.00592685174627403
14 0.00592685174627403
15 0.00592685174627403
278 0.005667797220945983
179 0.005576493946853758
172 0.005563540961177606
117 0.0055355768096304004
129 0.005497521428590985
253 0.005452103587306578
168 0.005379579490148474
207 0.005363716025183538
16 0.005326851466386374
177 0.005286052207944877
287 0.0052133791043266625
208 0.005101502434162243
23 0.0050784725934438935
297 0.005018464672989372
106 0.00495913714144233
55 0.0049191193089876085
176 0.004848704032637819
77 0.004807063368973771
56 0.004765019237487208
180 0.004737984283510743
24 0.0046529523638760735
178 0.004419141490368131
139 0.004402262182589791
4 0.004202690192195371
137 0.004136860554982227
123 0.004101256348748307
89 0.004098817867416702
103 0.0036867122612141354
64 0.0036619778090091763
159 0.0036608598859290157
122 0.0035950378956461954
101 0.00346474476010234
99 0.003419724863814007
289 0.0033418473656531963
252 0.0033381084606183943
206 0.003333659239310075
136 0.003217569217829741
138 0.003217569217829741
121 0.002944145167306117
90 0.00255900176817665
280 0.002557069960651498
295 0.002117757306329805
43 0.002116708332722675
160 0.0020650352073107226
131 0.0020071963642554853
63 0.0019502850898908462
45 0.0018375695658786981
166 0.0018227153106659781
198 0.0017775647475346836
251 0.0016975470395953402
254 0.0016975470395953402
255 0.0016975470395953402
256 0.0016975470395953402
257 0.0016975470395953402
258 0.0016975470395953402
170 0.0015724096893416863
209 0.0014810397666978209
267 0.0014501980032956081
244 0.0013174813347715854
224 0.0012635511858106214
226 0.0010728145255680121
108 0.0010407003823766684
158 0.0010336652048401616
18 0.0010008258500329066
82 0.000944529431170472
93 0.0009437968512560262
111 0.0009034147855037602
245 0.0008997056715821429
109 0.0008613668726707874
110 0.0008613668726707874
184 0.0008561427520122635
148 0.0008497614449537584
133 0.0008338183556818519
213 0.0008190921687666771
134 0.0008108935138210936
276 0.0007811142805104032
260 0.0007752221028746891
33 0.0007433163912614517
149 0.0006703482690875263
150 0.0006703482690875263
151 0.0006703482690875263
233 0.0006688433308481002
153 0.0006561076259172298
236 0.0006460330721591983
175 0.0006430246460520038
42 0.000562966211856742
72 0.0005559663250096019
229 0.0005525787129135942
230 0.0005525787129135942
231 0.0005525787129135942
232 0.0005525787129135942
234 0.0005525787129135942
235 0.0005525787129135942
237 0.0005525787129135942
238 0.0005525787129135942
300 0.0005514919379472343
69 0.0005267159487027514
277 0.0004903095775699079
279 0.0004903095775699079
70 0.0004884379685515409
71 0.00048374050983889015
2 0.0004728582157021347
75 0.00046789072493033017
185 0.0004620578387040129
113 0.000457790137439847
73 0.00045486690871185983
74 0.00045486690871185983
76 0.00045486690871185983
211 0.00045427813729346015
3 0.0004495411451726118
210 0.00044534969435115046
83 0.0004449740796906807
199 0.0004447072706461957
243 0.0004327405073407347
201 0.0004290935046920264
132 0.00042540083964745496
25 0.00041061295742923787
26 0.00040669152364347167
29 0.00040669152364347167
30 0.00040669152364347167
31 0.00040669152364347167
32 0.00040669152364347167
246 0.000399834754644217
218 0.00039576912224197406
85 0.000395123675593587
181 0.00038590249916610567
182 0.00038590249916610567
183 0.00038590249916610567
239 0.0003802545069071768
91 0.000371088053012429
220 0.000354655558095859
86 0.00033847926569353844
87 0.00033847926569353844
88 0.00033847926569353844
154 0.00033159050162892
118 0.00032478007634322253
156 0.0003046435236591858
174 0.00030195831402494365
155 0.0002976980743728603
157 0.0002976980743728603
92 0.0002825769134536898
141 0.0002794498911954295
248 0.0002727931073298704
84 0.00025982148332647653
186 0.00025396205032863307
187 0.00025396205032863307
188 0.00025396205032863307
189 0.00025396205032863307
190 0.00025396205032863307
191 0.00025396205032863307
241 0.0002538584343784594
128 0.00025107404048032184
164 0.0002349410131202554
116 0.00023045463201878724
205 0.00022955441929500465
80 0.00022710002127924935
197 0.0002227571617005081
217 0.0002196139046908368
263 0.00020638887506749064
193 0.00020573043207355944
261 0.00020416852367843966
262 0.00020416852367843966
264 0.00020416852367843966
265 0.00020416852367843966
225 0.00019167623017484508
227 0.00019167623017484508
114 0.0001882299682100622
126 0.00018364640485616377
200 0.0001740546132294021
119 0.0001664240453635944
120 0.0001664240453635944
167 0.00015990951617345371
169 0.00015541506995903856
39 0.0001517722565337953
221 0.0001472682663413963
222 0.0001472682663413963
54 0.00014375513401571478
146 0.00012879186912577987
125 0.00012187416256015554
127 0.00012187416256015554
282 0.00012007476964314983
40 0.00011872146024036309
204 0.00010000084859177909
19 9.814297787850004e-05
105 9.641264132467053e-05
50 9.459992039631267e-05
51 9.459992039631267e-05
52 9.459992039631267e-05
100 9.326372805663774e-05
102 9.326372805663774e-05
104 9.326372805663774e-05
242 9.283840155452702e-05
214 8.317178951052447e-05
97 7.666583535757143e-05
266 6.24221526372803e-05
203 5.871638597249518e-05
94 5.8533707507273345e-05
95 5.5836066420634494e-05
96 5.5836066420634494e-05
296 5.427332777315487e-05
212 5.205831927146633e-05
215 5.205831927146633e-05
290 4.175905987748148e-05
247 4.133698808000151e-05
65 3.437695883907658e-05
66 3.437695883907658e-05
67 3.437695883907658e-05
115 3.342153183736448e-05
79 3.058385894862675e-05
298 2.7580825866169658e-05
195 2.2470519689445245e-05
78 1.9459572938558692e-05
44 1.5447207101904246e-05
20 1.480631215037723e-05
283 1.4454992251979743e-05
284 1.1490085775658915e-05
285 1.1490085775658915e-05
286 1.1490085775658915e-05
288 1.1490085775658915e-05
299 1.0712891946333888e-05
163 9.4600290006639e-06
269 9.209163633087726e-06
271 7.16093193818452e-06
161 5.745050735966736e-06
162 5.745050735966736e-06
59 4.190370480781194e-06
60 4.190370480781194e-06
61 4.190370480781194e-06
62 4.190370480781194e-06
1 3.896767584589051e-06
194 1.3652535569305415e-06
196 1.3652535569305415e-06
142 1.1687989406313128e-06
143 1.1687989406313128e-06
144 1.1687989406313128e-06
145 1.1687989406313128e-06
270 8.232413112465845e-07
272 8.232413112465845e-07
291 7.594736578895991e-07
292 7.594736578895991e-07
293 7.594736578895991e-07
294 7.594736578895991e-07
216 5.841085739337424e-07
