1 6
2 23
3 18
4 56
5 191
6 181
7 90
8 52
9 25
10 285
11 98
12 48
13 20
14 20
15 20
16 67
17 153
18 83
19 10
20 5
21 234
22 121
23 87
24 46
25 29
26 27
27 53
28 138
29 27
30 27
31 27
32 27
33 30
34 44
35 85
36 330
37 53
38 27
39 16
40 8
41 94
42 30
43 84
44 20
45 79
46 106
47 85
48 257
49 60
50 20
51 20
52 20
53 55
54 26
55 51
56 33
57 153
58 106
59 15
60 15
61 15
62 15
63 71
64 28
65 7
66 7
67 7
68 195
69 30
70 25
71 31
72 28
73 22
74 22
75 31
76 22
77 47
78 7
79 9
80 16
81 142
82 44
83 29
84 10
85 15
86 10
87 10
88 10
89 35
90 89
91 30
92 23
93 94
94 17
95 13
96 13
97 29
98 103
99 33
100 19
101 49
102 19
103 66
104 19
105 24
106 97
107 155
108 25
109 8
110 8
111 14
112 176
113 55
114 28
115 9
116 44
117 110
118 61
119 10
120 10
121 12
122 102
123 80
124 103
125 16
126 34
127 16
128 32
129 85
130 198
131 67
132 67
133 49
134 82
135 104
136 12
137 14
138 10
139 67
140 183
141 15
142 10
143 10
144 10
145 10
146 10
147 124
148 31
149 10
150 10
151 10
152 138
153 49
154 36
155 24
156 29
157 24
158 28
159 112
160 56
161 16
162 16
163 18
164 23
165 112
166 24
167 21
168 48
169 12
170 46
171 100
172 107
173 85
174 31
175 47
176 37
177 55
178 27
179 55
180 71
181 22
182 22
183 22
184 77
185 51
186 26
187 26
188 26
189 26
190 26
191 26
192 106
193 35
194 9
195 26
196 9
197 16
198 41
199 25
200 18
201 49
202 126
203 21
204 36
205 35
206 43
207 46
208 56
209 67
210 53
211 35
212 9
213 36
214 15
215 9
216 6
217 16
218 23
219 133
220 27
221 16
222 16
223 104
224 50
225 13
226 19
227 13
228 66
229 23
230 22
231 22
232 22
233 25
234 22
235 23
236 32
237 22
238 22
239 43
240 138
241 38
242 27
243 61
244 85
245 100
246 39
247 12
248 31
249 53
250 105
251 32
252 45
253 57
254 32
255 32
256 32
257 32
258 32
259 107
260 34
261 13
262 13
263 19
264 13
265 13
266 25
267 28
268 176
269 14
270 8
271 11
272 8
273 60
274 164
275 93
276 34
277 28
278 64
279 28
280 69
281 164
282 24
283 17
284 15
285 12
286 12
287 27
288 12
289 142
290 14
291 9
292 9
293 9
294 9
295 78
296 43
297 75
298 22
299 28
300 58
