1 229
2 233
3 49
4 40
5 17
6 376
7 229
8 23
9 124
10 15
11 5
12 7
13 287
14 287
15 6
16 232
17 24
18 29
19 51
20 37
21 34
22 355
23 38
24 204
25 176
26 22
27 24
28 28
29 171
30 19
31 75
32 99
33 125
34 257
35 413
36 22
37 41
38 170
39 313
40 504
41 253
42 250
43 227
44 58
45 153
46 75
47 17
48 111
49 30
50 170
51 452
52 67
53 6
54 6
55 364
56 62
57 221
58 10
59 87
60 290
61 81
62 115
63 76
64 292
65 40
66 25
67 341
68 59
69 19
70 18
71 76
72 141
73 154
74 19
75 28
76 22
77 161
78 51
79 133
80 125
81 16
82 18
83 75
84 107
85 143
86 21
87 76
88 18
89 108
90 69
91 242
92 106
93 54
94 96
95 227
96 76
97 5
98 75
99 72
100 16
101 34
102 338
103 155
104 7
105 185
106 18
107 10
108 268
109 77
110 199
111 87
112 26
113 23
114 32
115 23
116 26
117 27
118 52
119 38
120 27
121 49
122 338
123 44
124 12
125 26
126 209
127 30
128 7
129 121
130 48
131 66
132 171
133 40
134 39
135 173
136 72
137 347
138 58
139 8
140 134
141 76
142 60
143 20
144 37
145 82
146 132
147 5
148 62
149 259
150 62
151 54
152 40
153 131
154 39
155 197
156 112
157 77
158 17
159 303
160 86
161 115
162 40
163 35
164 128
165 149
166 185
167 53
168 9
169 246
170 56
171 18
172 18
173 18
174 18
175 28
176 29
177 34
178 43
179 158
180 118
181 171
182 108
183 47
184 33
185 28
186 28
187 28
188 88
189 62
190 66
191 28
192 18
193 18
194 18
195 18
196 18
197 18
198 66
199 21
200 17
201 83
202 5
203 143
204 150
205 101
206 55
207 24
208 67
209 34
210 147
211 80
212 20
213 20
214 50
215 26
216 20
217 86
218 141
219 77
220 53
221 146
222 21
223 31
224 23
225 51
226 21
227 33
228 390
229 156
230 48
231 25
232 20
233 37
234 28
235 85
236 173
237 19
238 198
239 49
240 10
241 22
242 249
243 145
244 19
245 19
246 19
247 65
248 98
249 209
250 36
251 19
252 29
253 48
254 93
255 51
256 56
257 29
258 33
259 114
260 46
261 142
262 60
263 69
264 21
265 28
266 19
267 91
268 72
269 16
270 16
271 16
272 16
273 16
274 16
275 65
276 42
277 10
278 77
279 115
280 102
281 208
282 188
283 115
284 34
285 36
286 26
287 72
288 58
289 239
290 120
291 40
292 25
293 29
294 177
295 20
296 18
297 19
298 18
299 33
300 259
