1 1 1 2
1 2 1 1
1 2 1 3
1 3 1 2
1 3 1 4
1 3 1 17
1 3 1 34
1 3 1 39
1 4 1 3
1 4 1 5
1 4 1 17
1 4 1 22
1 4 1 23
1 4 1 35
1 4 1 36
1 4 1 37
1 4 1 50
1 5 1 4
1 5 1 6
1 5 1 7
1 5 1 8
1 5 1 10
1 5 1 16
1 5 1 17
1 5 1 21
1 5 1 22
1 5 1 23
1 5 1 24
1 5 1 25
1 5 1 26
1 5 1 27
1 5 1 28
1 5 1 29
1 5 1 30
1 5 1 31
1 5 1 32
1 5 1 33
1 5 1 39
1 6 1 5
1 6 1 7
1 6 1 8
1 6 1 9
1 6 1 10
1 6 1 11
1 6 1 12
1 6 1 13
1 6 1 14
1 6 1 15
1 6 1 16
1 6 1 17
1 6 1 21
1 6 1 24
1 6 1 27
1 6 1 28
1 6 1 39
1 6 1 44
1 6 1 45
1 6 1 49
1 7 1 5
1 7 1 6
1 7 1 8
1 7 1 9
1 7 1 10
1 7 1 11
1 7 1 12
1 7 1 13
1 7 1 14
1 7 1 15
1 7 1 17
1 7 1 28
1 7 1 35
1 7 1 44
1 7 1 45
1 7 1 49
1 8 1 5
1 8 1 6
1 8 1 7
1 8 1 9
1 8 1 10
1 8 1 11
1 8 1 12
1 8 1 13
1 8 1 14
1 8 1 15
1 8 1 22
1 8 1 39
1 9 1 6
1 9 1 7
1 9 1 8
1 9 1 10
1 9 1 11
1 9 1 12
1 9 1 13
1 9 1 14
1 9 1 15
1 10 1 5
1 10 1 6
1 10 1 7
1 10 1 8
1 10 1 9
1 10 1 11
1 10 1 12
1 10 1 13
1 10 1 14
1 10 1 15
1 10 1 16
1 10 1 17
1 10 1 21
1 10 1 23
1 10 1 24
1 10 1 25
1 10 1 26
1 10 1 27
1 10 1 28
1 10 1 29
1 10 1 30
1 10 1 31
1 10 1 32
1 10 1 33
1 10 1 34
1 10 1 35
1 10 1 39
1 10 1 44
1 10 1 46
1 10 1 49
1 11 1 6
1 11 1 7
1 11 1 8
1 11 1 9
1 11 1 10
1 11 1 12
1 11 1 13
1 11 1 14
1 11 1 15
1 11 1 18
1 11 1 21
1 11 1 22
1 11 1 28
1 11 1 39
1 11 1 44
1 12 1 6
1 12 1 7
1 12 1 8
1 12 1 9
1 12 1 10
1 12 1 11
1 12 1 13
1 12 1 14
1 12 1 15
1 12 1 16
1 12 1 39
1 13 1 6
1 13 1 7
1 13 1 8
1 13 1 9
1 13 1 10
1 13 1 11
1 13 1 12
1 13 1 14
1 13 1 15
1 14 1 6
1 14 1 7
1 14 1 8
1 14 1 9
1 14 1 10
1 14 1 11
1 14 1 12
1 14 1 13
1 14 1 15
1 15 1 6
1 15 1 7
1 15 1 8
1 15 1 9
1 15 1 10
1 15 1 11
1 15 1 12
1 15 1 13
1 15 1 14
1 16 1 5
1 16 1 6
1 16 1 10
1 16 1 12
1 16 1 17
1 17 1 3
1 17 1 4
1 17 1 5
1 17 1 6
1 17 1 7
1 17 1 10
1 17 1 16
1 17 1 18
1 17 1 21
1 17 1 22
1 17 1 35
1 17 1 36
1 17 1 37
1 17 1 39
1 17 1 41
1 17 1 44
1 18 1 11
1 18 1 17
1 18 1 19
1 18 1 20
1 18 1 21
1 18 1 39
1 19 1 18
1 19 1 20
1 19 1 21
1 19 1 39
1 20 1 18
1 20 1 19
1 21 1 5
1 21 1 6
1 21 1 10
1 21 1 11
1 21 1 17
1 21 1 18
1 21 1 19
1 21 1 22
1 21 1 39
1 22 1 4
1 22 1 5
1 22 1 8
1 22 1 11
1 22 1 17
1 22 1 21
1 22 1 23
1 22 1 35
1 22 1 36
1 22 1 37
1 22 1 39
1 22 1 50
1 23 1 4
1 23 1 5
1 23 1 10
1 23 1 22
1 23 1 24
1 23 1 25
1 23 1 26
1 23 1 27
1 23 1 28
1 23 1 29
1 23 1 30
1 23 1 31
1 23 1 32
1 23 1 33
1 23 1 50
1 24 1 5
1 24 1 6
1 24 1 10
1 24 1 23
1 24 1 25
1 24 1 26
1 24 1 27
1 24 1 28
1 24 1 29
1 24 1 30
1 24 1 31
1 24 1 32
1 24 1 33
1 24 1 50
1 25 1 5
1 25 1 10
1 25 1 23
1 25 1 24
1 25 1 26
1 25 1 27
1 25 1 28
1 25 1 29
1 25 1 30
1 25 1 31
1 25 1 32
1 25 1 33
1 25 1 50
1 26 1 5
1 26 1 10
1 26 1 23
1 26 1 24
1 26 1 25
1 26 1 27
1 26 1 28
1 26 1 29
1 26 1 30
1 26 1 31
1 26 1 32
1 26 1 33
1 27 1 5
1 27 1 6
1 27 1 10
1 27 1 23
1 27 1 24
1 27 1 25
1 27 1 26
1 27 1 28
1 27 1 29
1 27 1 30
1 27 1 31
1 27 1 32
1 27 1 33
1 28 1 5
1 28 1 6
1 28 1 7
1 28 1 10
1 28 1 11
1 28 1 23
1 28 1 24
1 28 1 25
1 28 1 26
1 28 1 27
1 28 1 29
1 28 1 30
1 28 1 31
1 28 1 32
1 28 1 33
1 28 1 35
1 28 1 39
1 28 1 40
1 28 1 50
1 29 1 5
1 29 1 10
1 29 1 23
1 29 1 24
1 29 1 25
1 29 1 26
1 29 1 27
1 29 1 28
1 29 1 30
1 29 1 31
1 29 1 32
1 29 1 33
1 30 1 5
1 30 1 10
1 30 1 23
1 30 1 24
1 30 1 25
1 30 1 26
1 30 1 27
1 30 1 28
1 30 1 29
1 30 1 31
1 30 1 32
1 30 1 33
1 31 1 5
1 31 1 10
1 31 1 23
1 31 1 24
1 31 1 25
1 31 1 26
1 31 1 27
1 31 1 28
1 31 1 29
1 31 1 30
1 31 1 32
1 31 1 33
1 32 1 5
1 32 1 10
1 32 1 23
1 32 1 24
1 32 1 25
1 32 1 26
1 32 1 27
1 32 1 28
1 32 1 29
1 32 1 30
1 32 1 31
1 32 1 33
1 33 1 5
1 33 1 10
1 33 1 23
1 33 1 24
1 33 1 25
1 33 1 26
1 33 1 27
1 33 1 28
1 33 1 29
1 33 1 30
1 33 1 31
1 33 1 32
1 33 1 34
1 34 1 3
1 34 1 10
1 34 1 33
1 34 1 35
1 34 1 50
1 35 1 4
1 35 1 7
1 35 1 10
1 35 1 17
1 35 1 22
1 35 1 28
1 35 1 34
1 35 1 36
1 35 1 37
1 35 1 38
1 35 1 39
1 36 1 4
1 36 1 17
1 36 1 22
1 36 1 35
1 36 1 37
1 37 1 4
1 37 1 17
1 37 1 22
1 37 1 35
1 37 1 36
1 37 1 38
1 38 1 35
1 38 1 37
1 38 1 39
1 39 1 3
1 39 1 5
1 39 1 6
1 39 1 8
1 39 1 10
1 39 1 11
1 39 1 12
1 39 1 17
1 39 1 18
1 39 1 19
1 39 1 21
1 39 1 22
1 39 1 28
1 39 1 35
1 39 1 38
1 39 1 40
1 39 1 44
1 39 1 48
1 39 1 50
1 40 1 28
1 40 1 39
1 40 1 41
1 40 1 42
1 40 1 43
1 40 1 48
1 41 1 17
1 41 1 40
1 41 1 42
1 41 1 43
1 42 1 40
1 42 1 41
1 42 1 43
1 42 1 44
1 43 1 40
1 43 1 41
1 43 1 42
1 44 1 6
1 44 1 7
1 44 1 10
1 44 1 11
1 44 1 17
1 44 1 39
1 44 1 42
1 44 1 45
1 44 1 46
1 45 1 6
1 45 1 7
1 45 1 44
1 45 1 46
1 45 1 47
1 45 1 48
1 46 1 10
1 46 1 44
1 46 1 45
1 46 1 47
1 46 1 48
1 46 1 49
1 47 1 45
1 47 1 46
1 47 1 48
1 48 1 39
1 48 1 40
1 48 1 45
1 48 1 46
1 48 1 47
1 48 1 49
1 49 1 6
1 49 1 7
1 49 1 10
1 49 1 46
1 49 1 48
1 49 1 50
1 50 1 4
1 50 1 22
1 50 1 23
1 50 1 24
1 50 1 25
1 50 1 28
1 50 1 34
1 50 1 39
1 50 1 49
2 1 2 2
2 2 2 1
2 3 2 4
2 3 2 44
2 4 2 3
2 4 2 5
2 4 2 6
2 4 2 7
2 4 2 8
2 4 2 9
2 4 2 11
2 4 2 15
2 4 2 16
2 4 2 18
2 4 2 19
2 4 2 20
2 4 2 21
2 4 2 22
2 4 2 23
2 4 2 24
2 4 2 25
2 4 2 26
2 4 2 31
2 4 2 33
2 4 2 36
2 4 2 37
2 4 2 40
2 4 2 41
2 4 2 42
2 4 2 43
2 4 2 44
2 4 2 45
2 4 2 47
2 4 2 50
2 5 2 4
2 5 2 6
2 5 2 9
2 5 2 15
2 5 2 16
2 5 2 18
2 5 2 24
2 5 2 25
2 5 2 26
2 5 2 27
2 5 2 36
2 5 2 37
2 5 2 40
2 5 2 41
2 5 2 42
2 5 2 43
2 5 2 44
2 5 2 45
2 5 2 46
2 6 2 4
2 6 2 5
2 6 2 7
2 6 2 26
2 6 2 41
2 6 2 42
2 6 2 44
2 6 2 45
2 7 2 4
2 7 2 6
2 7 2 8
2 7 2 9
2 7 2 42
2 7 2 43
2 7 2 44
2 8 2 4
2 8 2 7
2 9 2 4
2 9 2 5
2 9 2 7
2 9 2 10
2 9 2 11
2 9 2 15
2 9 2 16
2 9 2 18
2 9 2 24
2 9 2 27
2 9 2 33
2 9 2 37
2 9 2 39
2 9 2 40
2 9 2 41
2 9 2 42
2 9 2 43
2 9 2 44
2 9 2 45
2 9 2 46
2 9 2 47
2 9 2 50
2 10 2 9
2 10 2 11
2 11 2 4
2 11 2 9
2 11 2 10
2 11 2 12
2 11 2 33
2 11 2 37
2 11 2 41
2 11 2 42
2 11 2 43
2 11 2 44
2 12 2 11
2 12 2 13
2 12 2 14
2 12 2 27
2 12 2 42
2 13 2 12
2 13 2 14
2 14 2 12
2 14 2 13
2 14 2 15
2 15 2 4
2 15 2 5
2 15 2 9
2 15 2 14
2 15 2 16
2 15 2 18
2 15 2 24
2 15 2 26
2 15 2 27
2 15 2 33
2 15 2 34
2 15 2 35
2 15 2 36
2 15 2 37
2 15 2 40
2 15 2 41
2 15 2 42
2 15 2 43
2 15 2 44
2 15 2 45
2 15 2 46
2 15 2 47
2 15 2 48
2 16 2 4
2 16 2 5
2 16 2 9
2 16 2 15
2 16 2 17
2 16 2 18
2 16 2 24
2 16 2 26
2 16 2 31
2 16 2 34
2 16 2 35
2 16 2 36
2 16 2 37
2 16 2 40
2 16 2 41
2 16 2 42
2 16 2 43
2 16 2 44
2 16 2 45
2 16 2 47
2 17 2 16
2 18 2 4
2 18 2 5
2 18 2 9
2 18 2 15
2 18 2 16
2 18 2 19
2 18 2 20
2 18 2 21
2 18 2 22
2 18 2 23
2 18 2 24
2 18 2 25
2 18 2 26
2 18 2 33
2 18 2 36
2 18 2 37
2 18 2 41
2 18 2 42
2 18 2 43
2 18 2 44
2 18 2 45
2 18 2 46
2 18 2 47
2 19 2 4
2 19 2 18
2 19 2 20
2 19 2 21
2 19 2 22
2 19 2 23
2 19 2 24
2 19 2 25
2 19 2 26
2 20 2 4
2 20 2 18
2 20 2 19
2 20 2 21
2 20 2 22
2 20 2 23
2 20 2 24
2 20 2 25
2 20 2 26
2 21 2 4
2 21 2 18
2 21 2 19
2 21 2 20
2 21 2 22
2 21 2 23
2 21 2 24
2 21 2 25
2 21 2 26
2 21 2 27
2 21 2 36
2 22 2 4
2 22 2 18
2 22 2 19
2 22 2 20
2 22 2 21
2 22 2 23
2 22 2 24
2 22 2 25
2 22 2 26
2 22 2 42
2 23 2 4
2 23 2 18
2 23 2 19
2 23 2 20
2 23 2 21
2 23 2 22
2 23 2 24
2 23 2 25
2 23 2 26
2 24 2 4
2 24 2 5
2 24 2 9
2 24 2 15
2 24 2 16
2 24 2 18
2 24 2 19
2 24 2 20
2 24 2 21
2 24 2 22
2 24 2 23
2 24 2 25
2 24 2 26
2 24 2 27
2 24 2 28
2 24 2 29
2 24 2 31
2 24 2 33
2 24 2 34
2 24 2 35
2 24 2 36
2 24 2 37
2 24 2 40
2 24 2 41
2 24 2 42
2 24 2 43
2 24 2 44
2 24 2 45
2 24 2 47
2 25 2 4
2 25 2 5
2 25 2 18
2 25 2 19
2 25 2 20
2 25 2 21
2 25 2 22
2 25 2 23
2 25 2 24
2 25 2 26
2 25 2 37
2 25 2 42
2 26 2 4
2 26 2 5
2 26 2 6
2 26 2 15
2 26 2 16
2 26 2 18
2 26 2 19
2 26 2 20
2 26 2 21
2 26 2 22
2 26 2 23
2 26 2 24
2 26 2 25
2 26 2 27
2 26 2 36
2 26 2 37
2 26 2 41
2 26 2 42
2 26 2 43
2 26 2 44
2 26 2 45
2 27 2 5
2 27 2 9
2 27 2 12
2 27 2 15
2 27 2 21
2 27 2 24
2 27 2 26
2 27 2 28
2 27 2 29
2 27 2 30
2 27 2 31
2 27 2 32
2 27 2 33
2 27 2 34
2 27 2 35
2 27 2 36
2 27 2 37
2 27 2 42
2 27 2 44
2 27 2 50
2 28 2 24
2 28 2 27
2 28 2 29
2 28 2 30
2 28 2 31
2 28 2 32
2 28 2 33
2 28 2 34
2 28 2 35
2 28 2 36
2 28 2 42
2 29 2 24
2 29 2 27
2 29 2 28
2 29 2 30
2 29 2 31
2 29 2 32
2 29 2 33
2 29 2 34
2 29 2 35
2 29 2 36
2 30 2 27
2 30 2 28
2 30 2 29
2 30 2 31
2 30 2 32
2 30 2 33
2 30 2 34
2 30 2 35
2 30 2 36
2 31 2 4
2 31 2 16
2 31 2 24
2 31 2 27
2 31 2 28
2 31 2 29
2 31 2 30
2 31 2 32
2 31 2 33
2 31 2 34
2 31 2 35
2 31 2 36
2 31 2 37
2 31 2 40
2 31 2 41
2 31 2 42
2 31 2 43
2 31 2 47
2 32 2 27
2 32 2 28
2 32 2 29
2 32 2 30
2 32 2 31
2 32 2 33
2 32 2 34
2 32 2 35
2 32 2 36
2 33 2 4
2 33 2 9
2 33 2 11
2 33 2 15
2 33 2 18
2 33 2 24
2 33 2 27
2 33 2 28
2 33 2 29
2 33 2 30
2 33 2 31
2 33 2 32
2 33 2 34
2 33 2 35
2 33 2 36
2 33 2 42
2 33 2 46
2 34 2 15
2 34 2 16
2 34 2 24
2 34 2 27
2 34 2 28
2 34 2 29
2 34 2 30
2 34 2 31
2 34 2 32
2 34 2 33
2 34 2 35
2 34 2 36
2 34 2 41
2 34 2 42
2 34 2 45
2 35 2 15
2 35 2 16
2 35 2 24
2 35 2 27
2 35 2 28
2 35 2 29
2 35 2 30
2 35 2 31
2 35 2 32
2 35 2 33
2 35 2 34
2 35 2 36
2 35 2 37
2 35 2 41
2 35 2 42
2 35 2 43
2 35 2 44
2 35 2 45
2 36 2 4
2 36 2 5
2 36 2 15
2 36 2 16
2 36 2 18
2 36 2 21
2 36 2 24
2 36 2 26
2 36 2 27
2 36 2 28
2 36 2 29
2 36 2 30
2 36 2 31
2 36 2 32
2 36 2 33
2 36 2 34
2 36 2 35
2 36 2 37
2 36 2 41
2 36 2 42
2 36 2 43
2 36 2 44
2 36 2 45
2 37 2 4
2 37 2 5
2 37 2 9
2 37 2 11
2 37 2 15
2 37 2 16
2 37 2 18
2 37 2 24
2 37 2 25
2 37 2 26
2 37 2 27
2 37 2 31
2 37 2 35
2 37 2 36
2 37 2 38
2 37 2 39
2 37 2 40
2 37 2 41
2 37 2 42
2 37 2 43
2 37 2 44
2 37 2 45
2 37 2 46
2 37 2 47
2 38 2 37
2 38 2 39
2 38 2 40
2 38 2 41
2 38 2 42
2 38 2 43
2 38 2 44
2 38 2 45
2 38 2 46
2 39 2 9
2 39 2 37
2 39 2 38
2 39 2 40
2 39 2 41
2 39 2 42
2 39 2 43
2 39 2 44
2 39 2 45
2 39 2 46
2 40 2 4
2 40 2 5
2 40 2 9
2 40 2 15
2 40 2 16
2 40 2 24
2 40 2 31
2 40 2 37
2 40 2 38
2 40 2 39
2 40 2 41
2 40 2 42
2 40 2 43
2 40 2 44
2 40 2 45
2 40 2 46
2 40 2 47
2 41 2 4
2 41 2 5
2 41 2 6
2 41 2 9
2 41 2 11
2 41 2 15
2 41 2 16
2 41 2 18
2 41 2 24
2 41 2 26
2 41 2 31
2 41 2 34
2 41 2 35
2 41 2 36
2 41 2 37
2 41 2 38
2 41 2 39
2 41 2 40
2 41 2 42
2 41 2 43
2 41 2 44
2 41 2 45
2 41 2 46
2 41 2 47
2 41 2 48
2 42 2 4
2 42 2 5
2 42 2 6
2 42 2 7
2 42 2 9
2 42 2 11
2 42 2 12
2 42 2 15
2 42 2 16
2 42 2 18
2 42 2 22
2 42 2 24
2 42 2 25
2 42 2 26
2 42 2 27
2 42 2 28
2 42 2 31
2 42 2 33
2 42 2 34
2 42 2 35
2 42 2 36
2 42 2 37
2 42 2 38
2 42 2 39
2 42 2 40
2 42 2 41
2 42 2 43
2 42 2 44
2 42 2 45
2 42 2 46
2 42 2 47
2 42 2 48
2 42 2 50
2 43 2 4
2 43 2 5
2 43 2 7
2 43 2 9
2 43 2 11
2 43 2 15
2 43 2 16
2 43 2 18
2 43 2 24
2 43 2 26
2 43 2 31
2 43 2 35
2 43 2 36
2 43 2 37
2 43 2 38
2 43 2 39
2 43 2 40
2 43 2 41
2 43 2 42
2 43 2 44
2 43 2 45
2 43 2 46
2 43 2 48
2 44 2 3
2 44 2 4
2 44 2 5
2 44 2 6
2 44 2 7
2 44 2 9
2 44 2 11
2 44 2 15
2 44 2 16
2 44 2 18
2 44 2 24
2 44 2 26
2 44 2 27
2 44 2 35
2 44 2 36
2 44 2 37
2 44 2 38
2 44 2 39
2 44 2 40
2 44 2 41
2 44 2 42
2 44 2 43
2 44 2 45
2 44 2 46
2 44 2 47
2 44 2 48
2 45 2 4
2 45 2 5
2 45 2 6
2 45 2 9
2 45 2 15
2 45 2 16
2 45 2 18
2 45 2 24
2 45 2 26
2 45 2 34
2 45 2 35
2 45 2 36
2 45 2 37
2 45 2 38
2 45 2 39
2 45 2 40
2 45 2 41
2 45 2 42
2 45 2 43
2 45 2 44
2 45 2 46
2 45 2 48
2 46 2 5
2 46 2 9
2 46 2 15
2 46 2 18
2 46 2 33
2 46 2 37
2 46 2 38
2 46 2 39
2 46 2 40
2 46 2 41
2 46 2 42
2 46 2 43
2 46 2 44
2 46 2 45
2 46 2 47
2 47 2 4
2 47 2 9
2 47 2 15
2 47 2 16
2 47 2 18
2 47 2 24
2 47 2 31
2 47 2 37
2 47 2 40
2 47 2 41
2 47 2 42
2 47 2 44
2 47 2 46
2 47 2 48
2 48 2 15
2 48 2 41
2 48 2 42
2 48 2 43
2 48 2 44
2 48 2 45
2 48 2 47
2 48 2 49
2 48 2 50
2 49 2 48
2 49 2 50
2 50 2 4
2 50 2 9
2 50 2 27
2 50 2 42
2 50 2 48
2 50 2 49
1 1 2 1
1 1 2 2
1 2 2 1
1 2 2 2
1 2 2 3
1 3 2 3
1 3 2 4
1 3 2 5
1 3 2 9
1 3 2 11
1 3 2 15
1 3 2 16
1 3 2 37
1 3 2 40
1 3 2 41
1 3 2 42
1 3 2 45
1 4 2 3
1 4 2 4
1 4 2 9
1 4 2 10
1 4 2 16
1 4 2 37
1 4 2 40
1 4 2 41
1 4 2 42
1 4 2 44
1 5 2 4
1 5 2 7
1 5 2 8
1 5 2 11
1 5 2 18
1 5 2 24
1 5 2 30
1 5 2 35
1 5 2 36
1 5 2 37
1 5 2 40
1 5 2 41
1 5 2 42
1 5 2 43
1 5 2 44
1 5 2 45
1 6 2 4
1 6 2 5
1 6 2 6
1 6 2 15
1 6 2 26
1 6 2 27
1 6 2 36
1 6 2 37
1 6 2 41
1 6 2 42
1 6 2 43
1 6 2 44
1 6 2 45
1 7 2 5
1 7 2 6
1 7 2 15
1 7 2 18
1 7 2 42
1 8 2 5
1 8 2 6
1 8 2 24
1 8 2 31
1 8 2 34
1 8 2 37
1 8 2 42
1 9 2 5
1 9 2 6
1 9 2 24
1 10 2 4
1 10 2 5
1 10 2 6
1 10 2 7
1 10 2 8
1 10 2 9
1 10 2 15
1 10 2 16
1 10 2 18
1 10 2 24
1 10 2 26
1 10 2 31
1 10 2 35
1 10 2 36
1 10 2 37
1 10 2 41
1 10 2 42
1 10 2 43
1 10 2 45
1 10 2 47
1 11 2 4
1 11 2 5
1 11 2 6
1 11 2 15
1 11 2 26
1 11 2 36
1 11 2 37
1 11 2 42
1 11 2 43
1 12 2 5
1 12 2 6
1 12 2 45
1 13 2 5
1 13 2 6
1 14 2 5
1 14 2 6
1 15 2 5
1 15 2 6
1 16 2 36
1 16 2 43
1 16 2 45
1 17 2 4
1 17 2 5
1 17 2 9
1 17 2 10
1 17 2 15
1 17 2 16
1 17 2 18
1 17 2 24
1 17 2 34
1 17 2 36
1 17 2 37
1 17 2 40
1 17 2 41
1 17 2 42
1 18 2 4
1 18 2 42
1 18 2 48
1 18 2 50
1 21 2 4
1 21 2 5
1 21 2 11
1 21 2 15
1 21 2 18
1 21 2 20
1 21 2 24
1 21 2 26
1 21 2 27
1 21 2 31
1 21 2 34
1 21 2 36
1 21 2 37
1 21 2 40
1 21 2 42
1 21 2 43
1 21 2 44
1 21 2 45
1 21 2 48
1 21 2 50
1 22 2 4
1 22 2 9
1 22 2 10
1 22 2 12
1 22 2 13
1 22 2 14
1 22 2 15
1 22 2 16
1 22 2 18
1 22 2 24
1 22 2 26
1 22 2 27
1 22 2 30
1 22 2 31
1 22 2 33
1 22 2 36
1 22 2 37
1 22 2 41
1 22 2 42
1 22 2 43
1 22 2 44
1 22 2 45
1 23 2 3
1 23 2 4
1 23 2 7
1 23 2 8
1 23 2 9
1 23 2 15
1 23 2 22
1 23 2 37
1 23 2 41
1 23 2 42
1 23 2 44
1 24 2 4
1 24 2 7
1 24 2 8
1 25 2 4
1 25 2 7
1 25 2 8
1 26 2 4
1 26 2 7
1 26 2 8
1 27 2 4
1 27 2 7
1 27 2 8
1 27 2 24
1 27 2 37
1 28 2 4
1 28 2 5
1 28 2 7
1 28 2 8
1 28 2 15
1 28 2 16
1 28 2 18
1 28 2 24
1 28 2 36
1 28 2 37
1 28 2 42
1 29 2 4
1 29 2 7
1 29 2 8
1 30 2 4
1 30 2 7
1 30 2 8
1 31 2 4
1 31 2 7
1 31 2 8
1 32 2 4
1 32 2 7
1 32 2 8
1 33 2 4
1 33 2 7
1 33 2 8
1 34 2 16
1 34 2 24
1 34 2 40
1 34 2 41
1 34 2 44
1 34 2 47
1 35 2 4
1 35 2 5
1 35 2 9
1 35 2 10
1 35 2 15
1 35 2 18
1 35 2 24
1 35 2 27
1 35 2 34
1 35 2 36
1 35 2 37
1 35 2 41
1 35 2 42
1 36 2 9
1 36 2 10
1 36 2 42
1 37 2 9
1 37 2 10
1 37 2 33
1 37 2 42
1 38 2 5
1 38 2 9
1 38 2 11
1 38 2 26
1 38 2 27
1 38 2 33
1 38 2 36
1 38 2 42
1 38 2 45
1 39 2 4
1 39 2 5
1 39 2 6
1 39 2 9
1 39 2 10
1 39 2 11
1 39 2 15
1 39 2 16
1 39 2 18
1 39 2 20
1 39 2 24
1 39 2 26
1 39 2 27
1 39 2 30
1 39 2 31
1 39 2 34
1 39 2 36
1 39 2 37
1 39 2 40
1 39 2 41
1 39 2 42
1 39 2 43
1 39 2 44
1 39 2 45
1 39 2 48
1 39 2 50
1 40 2 4
1 40 2 9
1 40 2 15
1 40 2 16
1 40 2 17
1 40 2 24
1 40 2 36
1 40 2 41
1 40 2 42
1 40 2 48
1 41 2 16
1 41 2 17
1 41 2 18
1 41 2 37
1 41 2 45
1 42 2 4
1 42 2 16
1 42 2 17
1 43 2 16
1 43 2 17
1 44 2 4
1 44 2 10
1 44 2 16
1 44 2 24
1 44 2 36
1 44 2 37
1 44 2 41
1 44 2 42
1 44 2 47
1 45 2 37
1 45 2 38
1 45 2 39
1 45 2 40
1 45 2 41
1 45 2 42
1 45 2 43
1 45 2 44
1 45 2 45
1 45 2 46
1 46 2 15
1 46 2 16
1 46 2 18
1 46 2 24
1 46 2 31
1 46 2 35
1 46 2 37
1 46 2 38
1 46 2 39
1 46 2 40
1 46 2 41
1 46 2 42
1 46 2 43
1 46 2 44
1 46 2 45
1 46 2 46
1 47 2 16
1 47 2 31
1 47 2 37
1 47 2 38
1 47 2 39
1 47 2 40
1 47 2 41
1 47 2 42
1 47 2 43
1 47 2 44
1 47 2 45
1 47 2 46
1 48 2 15
1 48 2 16
1 48 2 18
1 48 2 24
1 48 2 37
1 48 2 38
1 48 2 39
1 48 2 40
1 48 2 41
1 48 2 42
1 48 2 43
1 48 2 44
1 48 2 45
1 48 2 46
1 48 2 47
1 49 2 4
1 49 2 9
1 49 2 15
1 49 2 16
1 49 2 24
1 49 2 31
1 49 2 35
1 49 2 37
1 49 2 41
1 49 2 42
1 49 2 43
1 49 2 44
1 49 2 45
1 49 2 47
1 50 2 4
1 50 2 5
1 50 2 9
1 50 2 15
1 50 2 16
1 50 2 24
1 50 2 37
1 50 2 41
1 50 2 42
1 50 2 44
1 50 2 45
