1 0.0 50
2 0.001795893418549063 49
3 3.593360675141261 24
4 3.147642813249803 26
5 14.36352786123481 1
6 7.604532908567572 8
7 3.7134632091306488 23
8 2.7473887595984436 27
9 1.9822233657028405 31
10 9.817065586502782 6
11 4.398313986302939 21
12 2.4053527802325347 29
13 1.9822233657028405 32
14 1.9822233657028405 33
15 1.9822233657028405 34
16 0.6000557471234914 43
17 12.902739135856772 4
18 1.32556840413471 37
19 0.9791858234265798 40
20 0.21393387904692499 46
21 2.7219833815035313 28
22 5.464209984094703 19
23 13.021841979907398 3
24 6.526224146206173 9
25 6.144807904335735 11
26 5.902861270129163 14
27 6.278772898138095 10
28 8.029784631569887 7
29 5.902861270129163 15
30 5.902861270129163 16
31 5.902861270129163 17
32 5.902861270129163 18
33 6.116370891559778 12
34 1.168980963672192 39
35 11.442808995151642 5
36 0.7877611847623942 42
37 0.9129178764136272 41
38 1.39872579155107 36
39 5.961414279412826 13
40 4.082186679576314 22
41 0.5200662495035615 44
42 0.28748193781107895 45
43 0.047334297330360715 48
44 13.822732898635554 2
45 1.2030760600746495 38
46 3.2015943556326363 25
47 0.07137451554612334 47
48 1.672051907628341 35
49 2.1156838026528035 30
50 4.428469727375837 20
