5 0.06753402860062342
44 0.06499133415785917
23 0.06122572791307712
17 0.060665733533267485
35 0.053801475335016155
10 0.04615760100848086
28 0.037754214020695884
6 0.03575477751030965
24 0.030684815903303925
27 0.029521356631616827
25 0.028891483816920097
33 0.028757779475432316
39 0.02802920886397194
26 0.027753905982826173
29 0.027753905982826173
30 0.027753905982826173
31 0.027753905982826173
32 0.027753905982826173
22 0.02569146778637847
50 0.02082165357389323
11 0.020679868164363974
40 0.019193509744610225
7 0.017459856171520835
3 0.01689516147786294
46 0.015053165689498039
4 0.014799497855137964
8 0.012917594678707425
21 0.012798144391323502
12 0.0113094195955316
49 0.009947462198604106
9 0.009319961695029655
13 0.009319961695029655
14 0.009319961695029655
15 0.009319961695029655
48 0.007861606315831085
38 0.0065764893223745164
18 0.006232519989641338
45 0.005656588954659633
34 0.005496281595783063
19 0.004603908179346873
37 0.004292331422430791
36 0.003703873233384806
16 0.0028213251214957804
41 0.0024452327664558227
42 0.0013516744352683693
20 0.001005868255053831
47 0.0003355866762549761
43 0.00022255505893690523
2 8.44388082535715e-06
1 0.0
