1 0.0 198
2 0.0 199
3 0.0 200
4 0.09042636468073603 169
5 51.76429929468117 4
6 33.1787185590553 10
7 21.62066734972903 23
8 10.733762459968917 56
9 8.881824489710755 64
10 39.010370119167916 9
11 19.01829864495677 25
12 10.980264047534648 55
13 8.881824489710755 65
14 8.881824489710755 66
15 8.881824489710755 67
16 16.29434014813813 34
17 29.08185566093351 13
18 10.411037345267216 59
19 5.404500238658371 77
20 5.369874562227997 80
21 10.601677674103396 57
22 12.716997341408765 46
23 5.369874562227997 81
24 7.589391981218168 72
25 5.369874562227997 82
26 5.369874562227997 83
27 5.369874562227997 84
28 5.382732798725491 78
29 0.18885551761433905 160
30 16.87582025398457 31
31 0.21426597667544875 157
32 4.899607505982245 92
33 0.21426597667544875 158
34 15.849528588581224 38
35 25.638918658443906 18
36 15.26212683725811 40
37 3.9306126363766793 100
38 0.03781780906771757 183
39 54.73310917397697 3
40 32.81082957939071 11
41 0.0862859932930064 171
42 0.0862859932930064 172
43 0.0862859932930064 173
44 24.61259040489465 19
45 0.30567346390707534 152
46 27.77037569860235 15
47 9.44533890056548 62
48 56.5823133193059 1
49 26.875080473841606 16
50 14.757371265492864 42
51 0.22599548581023213 156
52 0.20448098800539527 159
53 41.55588209482397 7
54 2.022976248122545 122
55 8.661028477515657 68
56 0.07764198450482648 179
57 8.21599053931803 70
58 13.3555192216539 43
59 15.327511768833732 39
60 54.90729909806254 2
61 11.821878869022507 51
62 2.2609330071442977 117
63 5.359528101833596 85
64 5.207764337024769 88
65 5.207764337024769 89
66 5.207764337024769 90
67 9.478482943478616 61
68 31.538414232653228 12
69 1.1871516455640467 127
70 1.1083959845418017 129
71 2.1283507942304327 119
72 1.4855079186035394 124
73 1.108331441435655 130
74 1.108331441435655 131
75 1.1360523784449545 128
76 1.108331441435655 132
77 2.334055634962631 116
78 0.06714891326440195 180
79 0.06714891326440195 181
80 0.08775623607413287 170
81 8.420433741656476 69
82 6.42195038368751 75
83 0.08013489495428182 175
84 1.474416047773503 125
85 0.08013489495428182 176
86 12.281754669287267 50
87 0.08013489495428182 177
88 0.0824544176395759 174
89 18.130466745816708 27
90 49.60541191186804 5
91 2.0278640285018623 121
92 1.033142886745822 133
93 1.033142886745822 134
94 3.01071794832274 104
95 23.79784061554703 20
96 12.312727618755844 49
97 0.03251931496053219 184
98 0.03251931496053219 185
99 0.03251931496053219 186
100 0.03251931496053219 187
101 11.58385993493574 52
102 4.976795689548869 91
103 0.006292535805887559 195
104 0.006292535805887559 196
105 0.006292535805887559 197
106 14.844646296032337 41
107 27.89049752762852 14
108 2.9595622346474673 106
109 39.05521375394624 8
110 2.9595622346474673 107
111 5.776995236809657 76
112 8.988209517878435 63
113 48.30625403912735 6
114 10.431440756346397 58
115 0.05294065195344135 182
116 0.11493190276684821 164
117 16.409188010036992 33
118 0.09934517611633543 167
119 0.031012431348978076 188
120 0.031012431348978076 189
121 0.14336263545234462 161
122 0.3698428401314797 147
123 9.57757557391686 60
124 22.047542432504827 22
125 0.2736802011151194 153
126 0.10027242216315235 165
127 0.12780835865973977 163
128 0.10027242216315235 166
129 0.8460023597629952 138
130 16.752966013558453 32
131 0.4678970448281797 144
132 1.684199688557974 123
133 0.4678970448281797 145
134 18.428622000971664 26
135 16.164684193536914 35
136 1.3218806086679105 126
137 0.4249941546171256 146
138 4.887214732581738 93
139 4.515072681149517 95
140 26.64174142798009 17
141 16.03157443640443 36
142 0.7327660252498501 139
143 0.7327660252498501 140
144 1.013090835989966 135
145 3.004924300273561 105
146 7.631201174259843 71
147 0.4802527714561997 142
148 3.352213984977872 103
149 18.026368380374194 28
150 0.4784566245766455 143
151 4.099551476740203 97
152 19.332985519554054 24
153 22.61552869523151 21
154 2.83211314548706 108
155 0.3189801443610906 148
156 0.3189801443610906 149
157 0.3189801443610906 150
158 17.89703060139193 29
159 17.786265467930182 30
160 4.357922981506814 96
161 7.588988495056186 73
162 11.204856982663511 53
163 6.955326169528113 74
164 15.954984195598579 37
165 5.224279121283985 87
166 5.348062958017259 86
167 4.0688039617132095 98
168 4.04418066707698 99
169 0.09605847028041851 168
170 0.07933214081581712 178
171 0.13372344752019363 162
172 2.05821942619282 120
173 12.896189441534474 45
174 3.4484444403824788 102
175 3.4929981753560733 101
176 2.6100518921478333 109
177 2.6100518921478333 110
178 2.6100518921478333 111
179 2.6100518921478333 112
180 2.6100518921478333 113
181 2.6100518921478333 114
182 12.398336972022024 48
183 0.6571171813145599 141
184 0.011739045201435308 191
185 0.2714384875182396 154
186 0.011739045201435308 192
187 13.020696878142052 44
188 11.157719531971653 54
189 0.8614864821348166 136
190 2.5108883235962414 115
191 0.8614864821348166 137
192 12.57003855075772 47
193 5.382236928301403 79
194 0.009444168598488161 193
195 4.740148469489466 94
196 0.25689331286089206 155
197 0.009444168598488161 194
198 0.02790698170653983 190
199 0.30654142091735864 151
200 2.2243898406588865 118
