48 0.03372278689517722
60 0.032724486466726765
39 0.03262067010884696
5 0.03085127368408768
90 0.029564587176053845
113 0.028790295325552964
53 0.024767106078123328
109 0.023276719761129768
10 0.023249993170247903
6 0.019774356857910964
40 0.01955509679351059
68 0.01879674336002627
17 0.017332646253530638
107 0.01662260252982215
46 0.01655101049683388
49 0.016017418844218027
140 0.01587834989393481
35 0.015280672341236354
44 0.014668985632995462
95 0.014183398672914677
153 0.013478746448686437
124 0.013140229364925128
7 0.012885813866462332
152 0.011522366486578747
11 0.011334814621195174
134 0.010983370174412754
89 0.01080567107479257
149 0.010743628949117295
158 0.01066654425423215
159 0.01060052876684712
30 0.010057907793463446
130 0.009984687256408357
117 0.009779797217950914
16 0.009711348444032358
135 0.009634074118006954
141 0.009554741342266306
164 0.009509093926714902
34 0.009446242891581733
59 0.00913512337498119
36 0.009096154269896402
106 0.00884733787306244
50 0.008795322374163627
58 0.007959825291070347
187 0.007760272782952209
173 0.007686066948915559
22 0.007579269318148195
192 0.007491682584966552
182 0.007389349268960298
96 0.007338326505713814
86 0.007319866776636467
61 0.0070457830090983505
101 0.006903924867916862
162 0.006678040929238121
188 0.006649947235092161
12 0.006544184618931897
8 0.0063972708570308665
21 0.006318548959240973
114 0.006217088574141231
18 0.0062049282391638495
123 0.0057081890277089695
67 0.005649130296046768
47 0.005629376605707229
112 0.005356929689850587
9 0.0052935247241771176
13 0.0052935247241771176
14 0.0052935247241771176
15 0.0052935247241771176
55 0.005161931361697544
81 0.005018538055034836
57 0.004896690888664658
146 0.00454815923664232
24 0.004523241158456876
161 0.004523000682642837
163 0.004145340980984889
82 0.003827451575165682
111 0.0034430614062383085
19 0.003221056176948943
28 0.003208082887328074
193 0.0032077873509376693
20 0.0032004194401514664
23 0.0032004194401514664
25 0.0032004194401514664
26 0.0032004194401514664
27 0.0032004194401514664
63 0.003194252999464766
166 0.0031874198288331765
165 0.0031136452568451605
64 0.003103802524770024
65 0.003103802524770024
66 0.003103802524770024
102 0.002966146320536332
32 0.0029201425339722554
138 0.002912756500565188
195 0.0028251057143249135
139 0.002690961625824694
160 0.0025973011598450575
151 0.002443312984319936
167 0.0024249876130867
168 0.002410312247783256
37 0.002342626247110243
175 0.0020818101308096313
174 0.0020552563188185953
148 0.001997903429725456
94 0.0017943734325569006
145 0.0017909204461544967
108 0.0017638848729781016
110 0.0017638848729781016
154 0.0016879258281527923
176 0.0015555783880300213
177 0.0015555783880300213
178 0.0015555783880300213
179 0.0015555783880300213
180 0.0015555783880300213
181 0.0015555783880300213
190 0.0014964773775930792
77 0.0013910859447394883
62 0.0013475052098689036
200 0.0013257256582109825
71 0.0012684868479480283
172 0.0012266888895355944
91 0.0012085972183507536
54 0.0012056841247274515
132 0.0010037749228394596
72 0.0008853555825380659
84 0.0008787448808129648
136 0.0007878344919447692
69 0.0007075366772244656
75 0.0006770817595219593
70 0.000660598681627601
73 0.0006605602142464275
74 0.0006605602142464275
76 0.0006605602142464275
92 0.000615748196885934
93 0.000615748196885934
144 0.0006037972709731844
189 0.0005134418044409624
191 0.0005134418044409624
129 0.000504213341899018
142 0.0004367250305599538
143 0.0004367250305599538
183 0.00039163868302057384
147 0.000286228344469433
150 0.000285157849558597
131 0.00027886439076078146
133 0.00027886439076078146
137 0.00025329447431692844
122 0.0002204245558515455
155 0.00019011063353628686
156 0.00019011063353628686
157 0.00019011063353628686
199 0.00018269721412421952
45 0.00018217991591608896
125 0.00016311208499998517
185 0.0001617760344662965
196 0.0001531071802511136
51 0.0001346922237739289
31 0.00012770149268265742
33 0.00012770149268265742
52 0.00012186968644614307
29 0.00011255698116382476
121 8.544344196052575e-05
171 7.969853226331865e-05
127 7.61731677208431e-05
116 6.849886187211119e-05
126 5.9761881862074303e-05
128 5.9761881862074303e-05
118 5.920924767301697e-05
169 5.725038678540558e-05
4 5.3893678906789694e-05
80 5.230229508557586e-05
41 5.1426037451634566e-05
42 5.1426037451634566e-05
43 5.1426037451634566e-05
88 4.9142436770548594e-05
83 4.776001239398971e-05
85 4.776001239398971e-05
87 4.776001239398971e-05
170 4.728157478420343e-05
56 4.627424974301201e-05
78 4.002042969645668e-05
79 4.002042969645668e-05
115 3.155237421705951e-05
38 2.2539232513104062e-05
97 1.938135548121892e-05
98 1.938135548121892e-05
99 1.938135548121892e-05
100 1.938135548121892e-05
119 1.8483260088379337e-05
120 1.8483260088379337e-05
198 1.6632427021256977e-05
184 6.99641454118108e-06
186 6.99641454118108e-06
194 5.628679111291728e-06
197 5.628679111291728e-06
103 3.7503211085541656e-06
104 3.7503211085541656e-06
105 3.7503211085541656e-06
1 0.0
2 0.0
3 0.0
