1 6
2 6
3 6
4 2
5 123
6 145
7 72
8 40
9 25
10 215
11 75
12 46
13 20
14 20
15 20
16 54
17 145
18 40
19 29
20 27
21 41
22 95
23 27
24 74
25 27
26 27
27 27
28 30
29 31
30 64
31 14
32 46
33 17
34 101
35 112
36 63
37 10
38 5
39 190
40 59
41 20
42 20
43 20
44 50
45 27
46 39
47 67
48 236
49 37
50 23
51 17
52 8
53 85
54 30
55 71
56 19
57 70
58 80
59 44
60 193
61 29
62 10
63 15
64 10
65 10
66 10
67 31
68 158
69 27
70 26
71 32
72 27
73 22
74 22
75 30
76 22
77 34
78 7
79 7
80 15
81 88
82 41
83 19
84 28
85 19
86 52
87 19
88 23
89 68
90 120
91 21
92 8
93 8
94 14
95 129
96 83
97 16
98 16
99 16
100 16
101 57
102 22
103 7
104 7
105 7
106 88
107 32
108 16
109 85
110 16
111 30
112 61
113 144
114 80
115 22
116 29
117 64
118 26
119 13
120 13
121 19
122 19
123 29
124 111
125 40
126 13
127 17
128 13
129 33
130 86
131 12
132 14
133 10
134 51
135 134
136 26
137 9
138 47
139 39
140 74
141 53
142 10
143 10
144 12
145 67
146 46
147 19
148 17
149 36
150 12
151 36
152 80
153 105
154 30
155 10
156 10
157 10
158 106
159 64
160 32
161 26
162 39
163 19
164 40
165 37
166 67
167 48
168 59
169 51
170 30
171 46
172 52
173 75
174 30
175 42
176 26
177 26
178 26
179 26
180 26
181 26
182 67
183 28
184 9
185 23
186 9
187 100
188 89
189 16
190 28
191 16
192 82
193 33
194 9
195 35
196 15
197 9
198 6
199 16
200 22
