1 333
2 167
3 44
4 36
5 17
6 260
7 160
8 20
9 91
10 15
11 5
12 7
13 199
14 210
15 6
16 167
17 24
18 30
19 47
20 35
21 29
22 241
23 32
24 147
25 135
26 22
27 26
28 26
29 122
30 18
31 66
32 75
33 106
34 196
35 270
36 22
37 34
38 131
39 230
40 339
41 195
42 189
43 165
44 46
45 103
46 66
47 19
48 81
49 32
50 135
51 333
52 54
53 6
54 6
55 256
56 52
57 164
58 8
59 67
60 194
61 75
62 92
63 67
64 203
65 34
66 21
67 236
68 49
69 19
70 18
71 59
72 114
73 106
74 14
75 23
76 16
77 128
78 42
79 85
80 107
81 16
82 17
83 51
84 87
85 121
86 21
87 64
88 18
89 91
90 58
91 179
92 88
93 51
94 77
95 167
96 64
97 5
98 58
99 65
100 15
101 32
102 228
103 112
104 2
105 144
106 17
107 10
108 194
109 52
110 123
111 72
112 22
113 20
114 24
115 20
116 22
117 22
118 47
119 33
120 20
121 42
122 249
123 37
124 12
125 26
126 152
127 28
128 7
129 94
130 38
131 61
132 128
133 34
134 18
135 137
136 62
137 226
138 46
139 8
140 101
141 56
142 40
143 16
144 31
145 65
146 99
147 4
148 50
149 191
150 58
151 44
152 30
153 92
154 30
155 146
156 79
157 61
158 12
159 216
160 71
161 95
162 28
163 31
164 95
165 107
166 143
167 36
168 4
169 178
170 49
171 18
172 18
173 18
174 18
175 27
176 29
177 34
178 42
179 127
180 94
181 127
182 81
183 33
184 24
185 20
186 20
187 20
188 62
189 43
190 54
191 28
192 18
193 18
194 18
195 18
196 18
197 18
198 56
199 21
200 16
