1 0.03574531552419595 47
2 0.08369832405685135 44
3 13.458016068168922 3
4 11.800785420238592 4
5 10.235610563255321 7
6 10.30972766071873 6
7 9.304007969590582 9
8 16.125215452125275 1
9 11.32653450683884 5
10 10.024972497549923 8
11 9.304007969590582 10
12 9.304007969590582 11
13 9.304007969590582 12
14 0.6901480175874225 38
15 15.316673096490439 2
16 7.840260136697013 17
17 7.6260281526121885 18
18 6.98559353712132 21
19 7.193963351601273 19
20 9.122511340649632 13
21 6.98559353712132 22
22 8.117515865154603 16
23 6.98559353712132 23
24 6.98559353712132 24
25 6.98559353712132 25
26 7.155908739820218 20
27 1.6976178321467277 36
28 1.8911586183841462 35
29 0.5296385710444914 40
30 3.33141477009758 30
31 0.5296385710444914 41
32 8.359222593770228 14
33 2.9649093423332737 31
34 2.3164246083153754 33
35 2.0102756616321193 34
36 0.14636911659031895 43
37 4.10313472390945 29
38 6.130239749236278 26
39 0.026875742536193865 48
40 0.026875742536193865 49
41 0.026875742536193865 50
42 5.445136491655454 27
43 0.3758906191661995 42
44 2.640281028268175 32
45 5.236344232953467 28
46 8.283438321190177 15
47 0.6295946115007927 39
48 0.8392194461788255 37
49 0.05756911387693269 45
50 0.05756911387693269 46
