8 0.05836906785286174
15 0.05544235572562983
3 0.04871450278478751
4 0.04271576072617282
9 0.0409990962992263
6 0.03731852111741583
5 0.03705023658480025
10 0.03628778180792882
7 0.033678078540589296
11 0.033678078540589296
12 0.033678078540589296
13 0.033678078540589296
20 0.033021108152741
32 0.03025820226846286
46 0.029983882997409537
22 0.02938328704733326
16 0.028379693732565933
17 0.027604229909932033
19 0.02604026819035603
26 0.02590252043599223
18 0.025286023890428517
21 0.025286023890428517
23 0.025286023890428517
24 0.025286023890428517
25 0.025286023890428517
38 0.02218986660611241
42 0.019709971770184416
45 0.01895419833252022
37 0.014852275916582476
30 0.012058851265532893
33 0.01073219735227945
44 0.009557127651853925
34 0.008384852006487685
35 0.007276672788970194
28 0.006845500207095833
27 0.0061449331159008315
48 0.0030377551818073136
14 0.002498155549405017
47 0.0022789680365878436
29 0.0019171532797544219
31 0.0019171532797544219
43 0.0013606258546129632
36 0.0005298179688320226
2 0.0003029660701619512
49 0.00020838515454805491
50 0.00020838515454805491
1 0.00012938870512758073
39 9.728316774114102e-05
40 9.728316774114102e-05
41 9.728316774114102e-05
