1 1 1 2
1 2 1 1
1 2 1 3
1 2 1 19
1 2 1 31
1 2 1 32
1 2 1 33
1 2 1 36
1 2 1 41
1 2 1 44
1 2 1 45
1 2 1 47
1 2 1 50
1 2 1 57
1 2 1 65
1 2 1 68
1 2 1 83
1 2 1 87
1 2 1 88
1 2 1 92
1 2 1 93
1 3 1 2
1 3 1 4
1 3 1 5
1 3 1 6
1 3 1 7
1 3 1 8
1 3 1 9
1 3 1 10
1 3 1 11
1 3 1 12
1 3 1 13
1 3 1 14
1 3 1 15
1 3 1 16
1 3 1 17
1 3 1 18
1 3 1 19
1 3 1 20
1 3 1 21
1 3 1 22
1 3 1 23
1 3 1 24
1 3 1 25
1 3 1 26
1 3 1 27
1 3 1 32
1 3 1 36
1 3 1 45
1 3 1 50
1 3 1 52
1 3 1 55
1 3 1 56
1 3 1 57
1 3 1 65
1 3 1 66
1 3 1 67
1 3 1 68
1 3 1 69
1 3 1 70
1 3 1 71
1 3 1 72
1 3 1 73
1 3 1 74
1 3 1 78
1 3 1 79
1 3 1 81
1 3 1 83
1 3 1 86
1 3 1 87
1 3 1 92
1 4 1 3
1 4 1 5
1 4 1 6
1 4 1 7
1 4 1 8
1 4 1 9
1 4 1 10
1 4 1 11
1 4 1 12
1 4 1 13
1 4 1 14
1 4 1 15
1 4 1 18
1 4 1 19
1 4 1 32
1 4 1 36
1 4 1 45
1 4 1 50
1 4 1 51
1 4 1 55
1 4 1 57
1 4 1 64
1 4 1 65
1 4 1 78
1 4 1 86
1 4 1 87
1 4 1 92
1 4 1 93
1 5 1 3
1 5 1 4
1 5 1 6
1 5 1 7
1 5 1 8
1 5 1 9
1 5 1 10
1 5 1 11
1 5 1 12
1 5 1 14
1 5 1 19
1 5 1 27
1 5 1 32
1 5 1 50
1 5 1 51
1 5 1 55
1 5 1 57
1 5 1 74
1 6 1 3
1 6 1 4
1 6 1 5
1 6 1 7
1 6 1 8
1 6 1 9
1 6 1 10
1 6 1 11
1 6 1 12
1 6 1 14
1 6 1 31
1 6 1 45
1 7 1 3
1 7 1 4
1 7 1 5
1 7 1 6
1 7 1 8
1 7 1 9
1 7 1 10
1 7 1 11
1 7 1 12
1 8 1 3
1 8 1 4
1 8 1 5
1 8 1 6
1 8 1 7
1 8 1 9
1 8 1 10
1 8 1 11
1 8 1 12
1 8 1 19
1 8 1 31
1 8 1 33
1 8 1 36
1 8 1 43
1 8 1 45
1 8 1 50
1 8 1 65
1 8 1 87
1 9 1 3
1 9 1 4
1 9 1 5
1 9 1 6
1 9 1 7
1 9 1 8
1 9 1 10
1 9 1 11
1 9 1 12
1 9 1 13
1 9 1 45
1 9 1 65
1 9 1 66
1 9 1 67
1 9 1 68
1 9 1 69
1 9 1 70
1 9 1 71
1 9 1 72
1 9 1 73
1 10 1 3
1 10 1 4
1 10 1 5
1 10 1 6
1 10 1 7
1 10 1 8
1 10 1 9
1 10 1 11
1 10 1 12
1 11 1 3
1 11 1 4
1 11 1 5
1 11 1 6
1 11 1 7
1 11 1 8
1 11 1 9
1 11 1 10
1 11 1 12
1 12 1 3
1 12 1 4
1 12 1 5
1 12 1 6
1 12 1 7
1 12 1 8
1 12 1 9
1 12 1 10
1 12 1 11
1 13 1 3
1 13 1 4
1 13 1 9
1 13 1 14
1 13 1 32
1 13 1 65
1 13 1 66
1 13 1 67
1 13 1 68
1 13 1 69
1 13 1 70
1 13 1 71
1 13 1 72
1 13 1 73
1 13 1 78
1 14 1 3
1 14 1 4
1 14 1 5
1 14 1 6
1 14 1 13
1 14 1 15
1 14 1 16
1 14 1 17
1 14 1 18
1 14 1 19
1 14 1 20
1 14 1 21
1 14 1 22
1 14 1 23
1 14 1 24
1 14 1 25
1 14 1 29
1 14 1 31
1 14 1 32
1 14 1 36
1 14 1 45
1 14 1 57
1 14 1 65
1 14 1 68
1 14 1 78
1 14 1 87
1 15 1 3
1 15 1 4
1 15 1 14
1 15 1 16
1 15 1 17
1 15 1 18
1 15 1 19
1 15 1 20
1 15 1 21
1 15 1 22
1 15 1 23
1 15 1 24
1 15 1 25
1 15 1 44
1 16 1 3
1 16 1 14
1 16 1 15
1 16 1 17
1 16 1 18
1 16 1 19
1 16 1 20
1 16 1 21
1 16 1 22
1 16 1 23
1 16 1 24
1 16 1 25
1 16 1 44
1 17 1 3
1 17 1 14
1 17 1 15
1 17 1 16
1 17 1 18
1 17 1 19
1 17 1 20
1 17 1 21
1 17 1 22
1 17 1 23
1 17 1 24
1 17 1 25
1 18 1 3
1 18 1 4
1 18 1 14
1 18 1 15
1 18 1 16
1 18 1 17
1 18 1 19
1 18 1 20
1 18 1 21
1 18 1 22
1 18 1 23
1 18 1 24
1 18 1 25
1 19 1 2
1 19 1 3
1 19 1 4
1 19 1 5
1 19 1 8
1 19 1 14
1 19 1 15
1 19 1 16
1 19 1 17
1 19 1 18
1 19 1 20
1 19 1 21
1 19 1 22
1 19 1 23
1 19 1 24
1 19 1 25
1 19 1 27
1 19 1 44
1 19 1 45
1 19 1 46
1 19 1 79
1 19 1 86
1 20 1 3
1 20 1 14
1 20 1 15
1 20 1 16
1 20 1 17
1 20 1 18
1 20 1 19
1 20 1 21
1 20 1 22
1 20 1 23
1 20 1 24
1 20 1 25
1 21 1 3
1 21 1 14
1 21 1 15
1 21 1 16
1 21 1 17
1 21 1 18
1 21 1 19
1 21 1 20
1 21 1 22
1 21 1 23
1 21 1 24
1 21 1 25
1 21 1 29
1 21 1 31
1 21 1 44
1 21 1 57
1 21 1 67
1 21 1 78
1 22 1 3
1 22 1 14
1 22 1 15
1 22 1 16
1 22 1 17
1 22 1 18
1 22 1 19
1 22 1 20
1 22 1 21
1 22 1 23
1 22 1 24
1 22 1 25
1 23 1 3
1 23 1 14
1 23 1 15
1 23 1 16
1 23 1 17
1 23 1 18
1 23 1 19
1 23 1 20
1 23 1 21
1 23 1 22
1 23 1 24
1 23 1 25
1 24 1 3
1 24 1 14
1 24 1 15
1 24 1 16
1 24 1 17
1 24 1 18
1 24 1 19
1 24 1 20
1 24 1 21
1 24 1 22
1 24 1 23
1 24 1 25
1 25 1 3
1 25 1 14
1 25 1 15
1 25 1 16
1 25 1 17
1 25 1 18
1 25 1 19
1 25 1 20
1 25 1 21
1 25 1 22
1 25 1 23
1 25 1 24
1 25 1 26
1 26 1 3
1 26 1 25
1 26 1 27
1 26 1 44
1 26 1 65
1 27 1 3
1 27 1 5
1 27 1 19
1 27 1 26
1 27 1 28
1 27 1 29
1 27 1 30
1 27 1 31
1 27 1 32
1 27 1 45
1 27 1 65
1 28 1 27
1 28 1 29
1 28 1 30
1 28 1 31
1 28 1 32
1 29 1 14
1 29 1 21
1 29 1 27
1 29 1 28
1 29 1 30
1 29 1 31
1 29 1 32
1 29 1 43
1 29 1 44
1 30 1 27
1 30 1 28
1 30 1 29
1 30 1 31
1 30 1 32
1 31 1 2
1 31 1 6
1 31 1 8
1 31 1 14
1 31 1 21
1 31 1 27
1 31 1 28
1 31 1 29
1 31 1 30
1 31 1 32
1 31 1 36
1 31 1 44
1 31 1 45
1 31 1 57
1 31 1 92
1 31 1 93
1 32 1 2
1 32 1 3
1 32 1 4
1 32 1 5
1 32 1 13
1 32 1 14
1 32 1 27
1 32 1 28
1 32 1 29
1 32 1 30
1 32 1 31
1 32 1 33
1 32 1 36
1 32 1 45
1 32 1 47
1 32 1 50
1 32 1 57
1 32 1 65
1 32 1 83
1 32 1 87
1 32 1 92
1 33 1 2
1 33 1 8
1 33 1 32
1 33 1 34
1 33 1 35
1 33 1 36
1 33 1 45
1 33 1 65
1 33 1 87
1 33 1 98
1 34 1 33
1 34 1 35
1 34 1 36
1 34 1 45
1 35 1 33
1 35 1 34
1 36 1 2
1 36 1 3
1 36 1 4
1 36 1 8
1 36 1 14
1 36 1 31
1 36 1 32
1 36 1 33
1 36 1 34
1 36 1 37
1 36 1 45
1 36 1 57
1 36 1 65
1 36 1 87
1 36 1 88
1 36 1 89
1 36 1 90
1 36 1 91
1 36 1 92
1 36 1 93
1 36 1 98
1 36 1 99
1 37 1 36
1 37 1 38
1 37 1 39
1 37 1 40
1 37 1 41
1 37 1 42
1 37 1 43
1 37 1 45
1 37 1 57
1 37 1 87
1 38 1 37
1 38 1 39
1 38 1 40
1 38 1 41
1 38 1 42
1 39 1 37
1 39 1 38
1 39 1 40
1 39 1 41
1 39 1 42
1 40 1 37
1 40 1 38
1 40 1 39
1 40 1 41
1 40 1 42
1 41 1 2
1 41 1 37
1 41 1 38
1 41 1 39
1 41 1 40
1 41 1 42
1 41 1 43
1 41 1 45
1 41 1 87
1 41 1 88
1 42 1 37
1 42 1 38
1 42 1 39
1 42 1 40
1 42 1 41
1 42 1 43
1 43 1 8
1 43 1 29
1 43 1 37
1 43 1 41
1 43 1 42
1 43 1 44
1 43 1 45
1 43 1 57
1 43 1 92
1 44 1 2
1 44 1 15
1 44 1 16
1 44 1 19
1 44 1 21
1 44 1 26
1 44 1 29
1 44 1 31
1 44 1 43
1 44 1 45
1 44 1 55
1 44 1 56
1 44 1 57
1 44 1 58
1 44 1 59
1 45 1 2
1 45 1 3
1 45 1 4
1 45 1 6
1 45 1 8
1 45 1 9
1 45 1 14
1 45 1 19
1 45 1 27
1 45 1 31
1 45 1 32
1 45 1 33
1 45 1 34
1 45 1 36
1 45 1 37
1 45 1 41
1 45 1 43
1 45 1 44
1 45 1 46
1 45 1 50
1 45 1 54
1 45 1 56
1 45 1 57
1 45 1 58
1 45 1 59
1 45 1 65
1 45 1 87
1 45 1 92
1 45 1 93
1 45 1 98
1 46 1 19
1 46 1 45
1 46 1 47
1 46 1 48
1 46 1 49
1 46 1 54
1 46 1 57
1 47 1 2
1 47 1 32
1 47 1 46
1 47 1 48
1 47 1 49
1 47 1 57
1 48 1 46
1 48 1 47
1 48 1 49
1 48 1 50
1 49 1 46
1 49 1 47
1 49 1 48
1 50 1 2
1 50 1 3
1 50 1 4
1 50 1 5
1 50 1 8
1 50 1 32
1 50 1 45
1 50 1 48
1 50 1 51
1 50 1 52
1 50 1 78
1 50 1 87
1 51 1 4
1 51 1 5
1 51 1 50
1 51 1 52
1 51 1 53
1 51 1 54
1 52 1 3
1 52 1 50
1 52 1 51
1 52 1 53
1 52 1 54
1 52 1 55
1 52 1 56
1 52 1 86
1 53 1 51
1 53 1 52
1 53 1 54
1 54 1 45
1 54 1 46
1 54 1 51
1 54 1 52
1 54 1 53
1 54 1 55
1 54 1 77
1 54 1 78
1 55 1 3
1 55 1 4
1 55 1 5
1 55 1 44
1 55 1 52
1 55 1 54
1 55 1 56
1 55 1 78
1 55 1 79
1 55 1 80
1 55 1 81
1 55 1 82
1 55 1 83
1 55 1 84
1 55 1 85
1 55 1 86
1 56 1 3
1 56 1 44
1 56 1 45
1 56 1 52
1 56 1 55
1 56 1 57
1 56 1 58
1 56 1 59
1 56 1 78
1 56 1 79
1 56 1 83
1 57 1 2
1 57 1 3
1 57 1 4
1 57 1 5
1 57 1 14
1 57 1 21
1 57 1 31
1 57 1 32
1 57 1 36
1 57 1 37
1 57 1 43
1 57 1 44
1 57 1 45
1 57 1 46
1 57 1 47
1 57 1 56
1 57 1 58
1 57 1 59
1 57 1 60
1 57 1 61
1 57 1 62
1 57 1 63
1 57 1 64
1 57 1 65
1 57 1 74
1 57 1 83
1 57 1 87
1 57 1 92
1 57 1 93
1 57 1 98
1 58 1 44
1 58 1 45
1 58 1 56
1 58 1 57
1 58 1 59
1 58 1 60
1 58 1 64
1 59 1 44
1 59 1 45
1 59 1 56
1 59 1 57
1 59 1 58
1 60 1 57
1 60 1 58
1 60 1 61
1 60 1 62
1 60 1 63
1 60 1 64
1 61 1 57
1 61 1 60
1 61 1 62
1 61 1 63
1 61 1 64
1 62 1 57
1 62 1 60
1 62 1 61
1 62 1 63
1 62 1 64
1 63 1 57
1 63 1 60
1 63 1 61
1 63 1 62
1 63 1 64
1 64 1 4
1 64 1 57
1 64 1 58
1 64 1 60
1 64 1 61
1 64 1 62
1 64 1 63
1 64 1 65
1 64 1 86
1 65 1 2
1 65 1 3
1 65 1 4
1 65 1 8
1 65 1 9
1 65 1 13
1 65 1 14
1 65 1 26
1 65 1 27
1 65 1 32
1 65 1 33
1 65 1 36
1 65 1 45
1 65 1 57
1 65 1 64
1 65 1 66
1 65 1 78
1 65 1 87
1 65 1 91
1 65 1 92
1 65 1 93
1 65 1 98
1 65 1 99
1 66 1 3
1 66 1 9
1 66 1 13
1 66 1 65
1 66 1 67
1 66 1 68
1 66 1 69
1 66 1 70
1 66 1 71
1 66 1 72
1 66 1 73
1 67 1 3
1 67 1 9
1 67 1 13
1 67 1 21
1 67 1 66
1 67 1 68
1 67 1 69
1 67 1 70
1 67 1 71
1 67 1 72
1 67 1 73
1 68 1 2
1 68 1 3
1 68 1 9
1 68 1 13
1 68 1 14
1 68 1 66
1 68 1 67
1 68 1 69
1 68 1 70
1 68 1 71
1 68 1 72
1 68 1 73
1 69 1 3
1 69 1 9
1 69 1 13
1 69 1 66
1 69 1 67
1 69 1 68
1 69 1 70
1 69 1 71
1 69 1 72
1 69 1 73
1 70 1 3
1 70 1 9
1 70 1 13
1 70 1 66
1 70 1 67
1 70 1 68
1 70 1 69
1 70 1 71
1 70 1 72
1 70 1 73
1 71 1 3
1 71 1 9
1 71 1 13
1 71 1 66
1 71 1 67
1 71 1 68
1 71 1 69
1 71 1 70
1 71 1 72
1 71 1 73
1 72 1 3
1 72 1 9
1 72 1 13
1 72 1 66
1 72 1 67
1 72 1 68
1 72 1 69
1 72 1 70
1 72 1 71
1 72 1 73
1 72 1 74
1 73 1 3
1 73 1 9
1 73 1 13
1 73 1 66
1 73 1 67
1 73 1 68
1 73 1 69
1 73 1 70
1 73 1 71
1 73 1 72
1 74 1 3
1 74 1 5
1 74 1 57
1 74 1 72
1 74 1 75
1 74 1 76
1 74 1 77
1 74 1 87
1 75 1 74
1 75 1 76
1 75 1 77
1 76 1 74
1 76 1 75
1 76 1 77
1 77 1 54
1 77 1 74
1 77 1 75
1 77 1 76
1 77 1 78
1 78 1 3
1 78 1 4
1 78 1 13
1 78 1 14
1 78 1 21
1 78 1 50
1 78 1 54
1 78 1 55
1 78 1 56
1 78 1 65
1 78 1 77
1 78 1 79
1 78 1 86
1 79 1 3
1 79 1 19
1 79 1 55
1 79 1 56
1 79 1 78
1 79 1 80
1 79 1 81
1 79 1 82
1 79 1 83
1 79 1 84
1 79 1 85
1 79 1 86
1 80 1 55
1 80 1 79
1 80 1 81
1 80 1 82
1 80 1 83
1 80 1 84
1 80 1 85
1 81 1 3
1 81 1 55
1 81 1 79
1 81 1 80
1 81 1 82
1 81 1 83
1 81 1 84
1 81 1 85
1 81 1 86
1 82 1 55
1 82 1 79
1 82 1 80
1 82 1 81
1 82 1 83
1 82 1 84
1 82 1 85
1 83 1 2
1 83 1 3
1 83 1 32
1 83 1 55
1 83 1 56
1 83 1 57
1 83 1 79
1 83 1 80
1 83 1 81
1 83 1 82
1 83 1 84
1 83 1 85
1 84 1 55
1 84 1 79
1 84 1 80
1 84 1 81
1 84 1 82
1 84 1 83
1 84 1 85
1 85 1 55
1 85 1 79
1 85 1 80
1 85 1 81
1 85 1 82
1 85 1 83
1 85 1 84
1 85 1 86
1 86 1 3
1 86 1 4
1 86 1 19
1 86 1 52
1 86 1 55
1 86 1 64
1 86 1 78
1 86 1 79
1 86 1 81
1 86 1 85
1 86 1 87
1 87 1 2
1 87 1 3
1 87 1 4
1 87 1 8
1 87 1 14
1 87 1 32
1 87 1 33
1 87 1 36
1 87 1 37
1 87 1 41
1 87 1 45
1 87 1 50
1 87 1 57
1 87 1 65
1 87 1 74
1 87 1 86
1 87 1 88
1 87 1 92
1 88 1 2
1 88 1 36
1 88 1 41
1 88 1 87
1 88 1 89
1 88 1 90
1 88 1 91
1 89 1 36
1 89 1 88
1 89 1 90
1 89 1 91
1 90 1 36
1 90 1 88
1 90 1 89
1 90 1 91
1 91 1 36
1 91 1 65
1 91 1 88
1 91 1 89
1 91 1 90
1 91 1 92
1 92 1 2
1 92 1 3
1 92 1 4
1 92 1 31
1 92 1 32
1 92 1 36
1 92 1 43
1 92 1 45
1 92 1 57
1 92 1 65
1 92 1 87
1 92 1 91
1 92 1 93
1 92 1 98
1 93 1 2
1 93 1 4
1 93 1 31
1 93 1 36
1 93 1 45
1 93 1 57
1 93 1 65
1 93 1 92
1 93 1 94
1 93 1 95
1 93 1 96
1 93 1 97
1 93 1 98
1 94 1 93
1 94 1 95
1 94 1 96
1 94 1 97
1 95 1 93
1 95 1 94
1 95 1 96
1 95 1 97
1 96 1 93
1 96 1 94
1 96 1 95
1 96 1 97
1 97 1 93
1 97 1 94
1 97 1 95
1 97 1 96
1 98 1 33
1 98 1 36
1 98 1 45
1 98 1 57
1 98 1 65
1 98 1 92
1 98 1 93
1 98 1 99
1 99 1 36
1 99 1 65
1 99 1 98
1 99 1 100
1 100 1 99
2 1 2 2
2 1 2 6
2 1 2 7
2 1 2 13
2 1 2 14
2 1 2 16
2 1 2 22
2 1 2 24
2 1 2 25
2 1 2 29
2 1 2 32
2 1 2 33
2 1 2 34
2 1 2 35
2 1 2 39
2 1 2 40
2 1 2 41
2 1 2 42
2 1 2 43
2 1 2 45
2 1 2 50
2 1 2 51
2 1 2 52
2 1 2 55
2 1 2 57
2 1 2 60
2 1 2 62
2 1 2 63
2 1 2 64
2 1 2 67
2 1 2 69
2 1 2 71
2 1 2 72
2 1 2 77
2 1 2 85
2 1 2 86
2 1 2 87
2 1 2 89
2 1 2 90
2 1 2 91
2 1 2 92
2 1 2 93
2 1 2 94
2 1 2 95
2 1 2 98
2 2 2 1
2 2 2 3
2 2 2 6
2 2 2 7
2 2 2 13
2 2 2 14
2 2 2 16
2 2 2 22
2 2 2 23
2 2 2 24
2 2 2 25
2 2 2 34
2 2 2 35
2 2 2 38
2 2 2 39
2 2 2 40
2 2 2 41
2 2 2 42
2 2 2 43
2 2 2 44
2 2 2 50
2 2 2 51
2 2 2 55
2 2 2 57
2 2 2 59
2 2 2 60
2 2 2 61
2 2 2 62
2 2 2 64
2 2 2 67
2 2 2 71
2 2 2 84
2 2 2 92
2 2 2 95
2 2 2 96
2 2 2 98
2 3 2 2
2 3 2 4
2 3 2 6
2 3 2 24
2 3 2 39
2 3 2 40
2 3 2 42
2 3 2 43
2 3 2 51
2 3 2 55
2 4 2 3
2 4 2 5
2 4 2 6
2 4 2 7
2 4 2 40
2 4 2 41
2 4 2 42
2 4 2 55
2 5 2 4
2 5 2 6
2 6 2 1
2 6 2 2
2 6 2 3
2 6 2 4
2 6 2 5
2 6 2 7
2 6 2 9
2 6 2 13
2 6 2 14
2 6 2 16
2 6 2 17
2 6 2 18
2 6 2 19
2 6 2 20
2 6 2 21
2 6 2 22
2 6 2 23
2 6 2 24
2 6 2 29
2 6 2 31
2 6 2 34
2 6 2 35
2 6 2 38
2 6 2 39
2 6 2 40
2 6 2 41
2 6 2 42
2 6 2 43
2 6 2 45
2 6 2 48
2 6 2 50
2 6 2 51
2 6 2 52
2 6 2 55
2 6 2 56
2 6 2 57
2 6 2 59
2 6 2 60
2 6 2 61
2 6 2 62
2 6 2 63
2 6 2 64
2 6 2 67
2 6 2 71
2 6 2 73
2 6 2 79
2 6 2 80
2 6 2 84
2 6 2 85
2 6 2 91
2 6 2 94
2 6 2 95
2 6 2 98
2 7 2 1
2 7 2 2
2 7 2 4
2 7 2 6
2 7 2 8
2 7 2 9
2 7 2 13
2 7 2 14
2 7 2 16
2 7 2 22
2 7 2 25
2 7 2 31
2 7 2 35
2 7 2 37
2 7 2 38
2 7 2 39
2 7 2 40
2 7 2 41
2 7 2 42
2 7 2 43
2 7 2 44
2 7 2 45
2 7 2 48
2 7 2 50
2 7 2 51
2 7 2 52
2 7 2 55
2 7 2 60
2 7 2 64
2 7 2 67
2 7 2 73
2 7 2 77
2 7 2 80
2 7 2 84
2 7 2 89
2 7 2 90
2 7 2 98
2 8 2 7
2 8 2 9
2 8 2 57
2 9 2 6
2 9 2 7
2 9 2 8
2 9 2 10
2 9 2 31
2 9 2 35
2 9 2 39
2 9 2 40
2 9 2 41
2 9 2 42
2 9 2 51
2 9 2 55
2 9 2 59
2 9 2 60
2 9 2 61
2 9 2 63
2 9 2 67
2 9 2 80
2 9 2 81
2 9 2 82
2 10 2 9
2 10 2 11
2 10 2 12
2 10 2 25
2 10 2 40
2 10 2 91
2 11 2 10
2 11 2 12
2 12 2 10
2 12 2 11
2 12 2 13
2 13 2 1
2 13 2 2
2 13 2 6
2 13 2 7
2 13 2 12
2 13 2 14
2 13 2 16
2 13 2 22
2 13 2 24
2 13 2 25
2 13 2 31
2 13 2 32
2 13 2 33
2 13 2 34
2 13 2 35
2 13 2 38
2 13 2 39
2 13 2 40
2 13 2 41
2 13 2 42
2 13 2 43
2 13 2 44
2 13 2 45
2 13 2 46
2 13 2 50
2 13 2 51
2 13 2 55
2 13 2 60
2 13 2 64
2 13 2 67
2 13 2 68
2 13 2 72
2 13 2 73
2 13 2 77
2 13 2 80
2 13 2 85
2 13 2 87
2 13 2 91
2 13 2 92
2 13 2 94
2 13 2 95
2 13 2 98
2 14 2 1
2 14 2 2
2 14 2 6
2 14 2 7
2 14 2 13
2 14 2 15
2 14 2 16
2 14 2 22
2 14 2 24
2 14 2 29
2 14 2 32
2 14 2 33
2 14 2 34
2 14 2 35
2 14 2 38
2 14 2 39
2 14 2 40
2 14 2 41
2 14 2 42
2 14 2 43
2 14 2 45
2 14 2 51
2 14 2 55
2 14 2 57
2 14 2 60
2 14 2 62
2 14 2 64
2 14 2 67
2 14 2 68
2 14 2 69
2 14 2 70
2 14 2 71
2 14 2 72
2 14 2 73
2 14 2 77
2 14 2 78
2 14 2 80
2 14 2 84
2 14 2 85
2 14 2 86
2 14 2 87
2 14 2 88
2 14 2 89
2 14 2 90
2 14 2 91
2 14 2 92
2 14 2 93
2 14 2 94
2 14 2 99
2 14 2 100
2 15 2 14
2 16 2 1
2 16 2 2
2 16 2 6
2 16 2 7
2 16 2 13
2 16 2 14
2 16 2 17
2 16 2 18
2 16 2 19
2 16 2 20
2 16 2 21
2 16 2 22
2 16 2 23
2 16 2 24
2 16 2 31
2 16 2 34
2 16 2 35
2 16 2 39
2 16 2 40
2 16 2 41
2 16 2 42
2 16 2 43
2 16 2 44
2 16 2 45
2 16 2 50
2 16 2 51
2 16 2 55
2 16 2 60
2 16 2 62
2 16 2 64
2 16 2 65
2 16 2 67
2 16 2 72
2 16 2 73
2 16 2 79
2 16 2 84
2 16 2 85
2 16 2 90
2 16 2 91
2 16 2 94
2 16 2 95
2 17 2 6
2 17 2 16
2 17 2 18
2 17 2 19
2 17 2 20
2 17 2 21
2 17 2 22
2 17 2 23
2 17 2 24
2 18 2 6
2 18 2 16
2 18 2 17
2 18 2 19
2 18 2 20
2 18 2 21
2 18 2 22
2 18 2 23
2 18 2 24
2 19 2 6
2 19 2 16
2 19 2 17
2 19 2 18
2 19 2 20
2 19 2 21
2 19 2 22
2 19 2 23
2 19 2 24
2 19 2 25
2 19 2 34
2 19 2 51
2 19 2 57
2 19 2 84
2 19 2 95
2 20 2 6
2 20 2 16
2 20 2 17
2 20 2 18
2 20 2 19
2 20 2 21
2 20 2 22
2 20 2 23
2 20 2 24
2 20 2 40
2 21 2 6
2 21 2 16
2 21 2 17
2 21 2 18
2 21 2 19
2 21 2 20
2 21 2 22
2 21 2 23
2 21 2 24
2 21 2 55
2 21 2 84
2 22 2 1
2 22 2 2
2 22 2 6
2 22 2 7
2 22 2 13
2 22 2 14
2 22 2 16
2 22 2 17
2 22 2 18
2 22 2 19
2 22 2 20
2 22 2 21
2 22 2 23
2 22 2 24
2 22 2 25
2 22 2 26
2 22 2 27
2 22 2 29
2 22 2 31
2 22 2 32
2 22 2 33
2 22 2 34
2 22 2 35
2 22 2 38
2 22 2 39
2 22 2 40
2 22 2 41
2 22 2 42
2 22 2 43
2 22 2 45
2 22 2 51
2 22 2 55
2 22 2 57
2 22 2 59
2 22 2 60
2 22 2 62
2 22 2 63
2 22 2 64
2 22 2 67
2 22 2 68
2 22 2 72
2 22 2 73
2 22 2 77
2 22 2 79
2 22 2 80
2 22 2 83
2 22 2 84
2 22 2 85
2 22 2 87
2 22 2 89
2 22 2 90
2 22 2 91
2 22 2 92
2 22 2 93
2 22 2 95
2 22 2 98
2 22 2 99
2 23 2 2
2 23 2 6
2 23 2 16
2 23 2 17
2 23 2 18
2 23 2 19
2 23 2 20
2 23 2 21
2 23 2 22
2 23 2 24
2 23 2 35
2 23 2 40
2 24 2 1
2 24 2 2
2 24 2 3
2 24 2 6
2 24 2 13
2 24 2 14
2 24 2 16
2 24 2 17
2 24 2 18
2 24 2 19
2 24 2 20
2 24 2 21
2 24 2 22
2 24 2 23
2 24 2 25
2 24 2 34
2 24 2 35
2 24 2 39
2 24 2 40
2 24 2 41
2 24 2 42
2 24 2 43
2 24 2 51
2 24 2 52
2 24 2 60
2 24 2 62
2 24 2 64
2 24 2 67
2 24 2 76
2 24 2 77
2 24 2 91
2 24 2 95
2 24 2 96
2 25 2 1
2 25 2 2
2 25 2 7
2 25 2 10
2 25 2 13
2 25 2 19
2 25 2 22
2 25 2 24
2 25 2 26
2 25 2 27
2 25 2 28
2 25 2 29
2 25 2 30
2 25 2 31
2 25 2 32
2 25 2 33
2 25 2 34
2 25 2 35
2 25 2 40
2 25 2 42
2 25 2 48
2 25 2 51
2 25 2 55
2 25 2 57
2 25 2 59
2 25 2 60
2 25 2 63
2 25 2 64
2 25 2 67
2 25 2 77
2 25 2 79
2 25 2 80
2 25 2 83
2 25 2 91
2 25 2 95
2 25 2 99
2 26 2 22
2 26 2 25
2 26 2 27
2 26 2 28
2 26 2 29
2 26 2 30
2 26 2 31
2 26 2 32
2 26 2 33
2 26 2 34
2 26 2 40
2 27 2 22
2 27 2 25
2 27 2 26
2 27 2 28
2 27 2 29
2 27 2 30
2 27 2 31
2 27 2 32
2 27 2 33
2 27 2 34
2 27 2 51
2 27 2 55
2 28 2 25
2 28 2 26
2 28 2 27
2 28 2 29
2 28 2 30
2 28 2 31
2 28 2 32
2 28 2 33
2 28 2 34
2 29 2 1
2 29 2 6
2 29 2 14
2 29 2 22
2 29 2 25
2 29 2 26
2 29 2 27
2 29 2 28
2 29 2 30
2 29 2 31
2 29 2 32
2 29 2 33
2 29 2 34
2 29 2 35
2 29 2 38
2 29 2 39
2 29 2 40
2 29 2 41
2 29 2 45
2 29 2 50
2 29 2 57
2 29 2 61
2 29 2 63
2 29 2 64
2 29 2 67
2 29 2 68
2 29 2 69
2 29 2 70
2 29 2 71
2 29 2 77
2 29 2 85
2 29 2 89
2 29 2 91
2 29 2 93
2 29 2 94
2 29 2 96
2 30 2 25
2 30 2 26
2 30 2 27
2 30 2 28
2 30 2 29
2 30 2 31
2 30 2 32
2 30 2 33
2 30 2 34
2 31 2 6
2 31 2 7
2 31 2 9
2 31 2 13
2 31 2 16
2 31 2 22
2 31 2 25
2 31 2 26
2 31 2 27
2 31 2 28
2 31 2 29
2 31 2 30
2 31 2 32
2 31 2 33
2 31 2 34
2 31 2 40
2 31 2 44
2 31 2 51
2 31 2 59
2 31 2 64
2 32 2 1
2 32 2 13
2 32 2 14
2 32 2 22
2 32 2 25
2 32 2 26
2 32 2 27
2 32 2 28
2 32 2 29
2 32 2 30
2 32 2 31
2 32 2 33
2 32 2 34
2 32 2 39
2 32 2 40
2 32 2 43
2 32 2 51
2 32 2 55
2 32 2 60
2 32 2 62
2 32 2 63
2 32 2 64
2 32 2 67
2 32 2 77
2 32 2 91
2 32 2 95
2 33 2 1
2 33 2 13
2 33 2 14
2 33 2 22
2 33 2 25
2 33 2 26
2 33 2 27
2 33 2 28
2 33 2 29
2 33 2 30
2 33 2 31
2 33 2 32
2 33 2 34
2 33 2 35
2 33 2 39
2 33 2 40
2 33 2 41
2 33 2 42
2 33 2 43
2 33 2 51
2 33 2 55
2 33 2 67
2 33 2 71
2 33 2 72
2 33 2 73
2 33 2 77
2 33 2 78
2 33 2 85
2 33 2 87
2 33 2 89
2 33 2 91
2 33 2 94
2 34 2 1
2 34 2 2
2 34 2 6
2 34 2 13
2 34 2 14
2 34 2 16
2 34 2 19
2 34 2 22
2 34 2 24
2 34 2 25
2 34 2 26
2 34 2 27
2 34 2 28
2 34 2 29
2 34 2 30
2 34 2 31
2 34 2 32
2 34 2 33
2 34 2 35
2 34 2 39
2 34 2 40
2 34 2 41
2 34 2 42
2 34 2 43
2 34 2 50
2 34 2 51
2 34 2 55
2 34 2 57
2 34 2 60
2 34 2 61
2 34 2 63
2 34 2 64
2 34 2 67
2 34 2 72
2 34 2 77
2 34 2 79
2 34 2 87
2 34 2 89
2 34 2 91
2 34 2 92
2 34 2 95
2 34 2 96
2 34 2 98
2 34 2 99
2 35 2 1
2 35 2 2
2 35 2 6
2 35 2 7
2 35 2 9
2 35 2 13
2 35 2 14
2 35 2 16
2 35 2 22
2 35 2 23
2 35 2 24
2 35 2 25
2 35 2 29
2 35 2 33
2 35 2 34
2 35 2 36
2 35 2 37
2 35 2 38
2 35 2 39
2 35 2 40
2 35 2 41
2 35 2 42
2 35 2 43
2 35 2 44
2 35 2 45
2 35 2 50
2 35 2 51
2 35 2 52
2 35 2 53
2 35 2 54
2 35 2 55
2 35 2 56
2 35 2 60
2 35 2 62
2 35 2 63
2 35 2 64
2 35 2 65
2 35 2 67
2 35 2 68
2 35 2 72
2 35 2 73
2 35 2 77
2 35 2 78
2 35 2 79
2 35 2 80
2 35 2 83
2 35 2 84
2 35 2 85
2 35 2 86
2 35 2 87
2 35 2 88
2 35 2 89
2 35 2 90
2 35 2 91
2 35 2 92
2 35 2 93
2 35 2 94
2 35 2 95
2 35 2 98
2 35 2 99
2 36 2 35
2 36 2 37
2 36 2 38
2 36 2 39
2 36 2 40
2 36 2 41
2 36 2 42
2 36 2 43
2 36 2 44
2 37 2 7
2 37 2 35
2 37 2 36
2 37 2 38
2 37 2 39
2 37 2 40
2 37 2 41
2 37 2 42
2 37 2 43
2 37 2 44
2 37 2 67
2 37 2 80
2 37 2 91
2 38 2 2
2 38 2 6
2 38 2 7
2 38 2 13
2 38 2 14
2 38 2 22
2 38 2 29
2 38 2 35
2 38 2 36
2 38 2 37
2 38 2 39
2 38 2 40
2 38 2 41
2 38 2 42
2 38 2 43
2 38 2 44
2 38 2 45
2 38 2 51
2 38 2 55
2 38 2 60
2 38 2 64
2 38 2 67
2 38 2 68
2 38 2 72
2 38 2 84
2 38 2 92
2 38 2 93
2 38 2 94
2 38 2 98
2 39 2 1
2 39 2 2
2 39 2 3
2 39 2 6
2 39 2 7
2 39 2 9
2 39 2 13
2 39 2 14
2 39 2 16
2 39 2 22
2 39 2 24
2 39 2 29
2 39 2 32
2 39 2 33
2 39 2 34
2 39 2 35
2 39 2 36
2 39 2 37
2 39 2 38
2 39 2 40
2 39 2 41
2 39 2 42
2 39 2 43
2 39 2 44
2 39 2 45
2 39 2 46
2 39 2 50
2 39 2 51
2 39 2 52
2 39 2 55
2 39 2 56
2 39 2 57
2 39 2 60
2 39 2 61
2 39 2 62
2 39 2 64
2 39 2 67
2 39 2 68
2 39 2 71
2 39 2 72
2 39 2 73
2 39 2 77
2 39 2 78
2 39 2 79
2 39 2 80
2 39 2 84
2 39 2 85
2 39 2 87
2 39 2 89
2 39 2 90
2 39 2 91
2 39 2 92
2 39 2 93
2 39 2 94
2 39 2 95
2 39 2 99
2 40 2 1
2 40 2 2
2 40 2 3
2 40 2 4
2 40 2 6
2 40 2 7
2 40 2 9
2 40 2 10
2 40 2 13
2 40 2 14
2 40 2 16
2 40 2 20
2 40 2 22
2 40 2 23
2 40 2 24
2 40 2 25
2 40 2 26
2 40 2 29
2 40 2 31
2 40 2 32
2 40 2 33
2 40 2 34
2 40 2 35
2 40 2 36
2 40 2 37
2 40 2 38
2 40 2 39
2 40 2 41
2 40 2 42
2 40 2 43
2 40 2 44
2 40 2 45
2 40 2 46
2 40 2 48
2 40 2 50
2 40 2 51
2 40 2 52
2 40 2 55
2 40 2 56
2 40 2 57
2 40 2 59
2 40 2 60
2 40 2 61
2 40 2 62
2 40 2 63
2 40 2 64
2 40 2 67
2 40 2 71
2 40 2 72
2 40 2 73
2 40 2 74
2 40 2 75
2 40 2 76
2 40 2 77
2 40 2 78
2 40 2 79
2 40 2 80
2 40 2 84
2 40 2 85
2 40 2 87
2 40 2 89
2 40 2 91
2 40 2 92
2 40 2 94
2 40 2 95
2 40 2 96
2 40 2 98
2 40 2 99
2 40 2 100
2 41 2 1
2 41 2 2
2 41 2 4
2 41 2 6
2 41 2 7
2 41 2 9
2 41 2 13
2 41 2 14
2 41 2 16
2 41 2 22
2 41 2 24
2 41 2 29
2 41 2 33
2 41 2 34
2 41 2 35
2 41 2 36
2 41 2 37
2 41 2 38
2 41 2 39
2 41 2 40
2 41 2 42
2 41 2 43
2 41 2 44
2 41 2 46
2 41 2 50
2 41 2 51
2 41 2 52
2 41 2 55
2 41 2 57
2 41 2 59
2 41 2 60
2 41 2 62
2 41 2 63
2 41 2 64
2 41 2 67
2 41 2 71
2 41 2 73
2 41 2 75
2 41 2 77
2 41 2 80
2 41 2 84
2 41 2 85
2 41 2 86
2 41 2 87
2 41 2 89
2 41 2 90
2 41 2 91
2 41 2 92
2 41 2 94
2 41 2 95
2 42 2 1
2 42 2 2
2 42 2 3
2 42 2 4
2 42 2 6
2 42 2 7
2 42 2 9
2 42 2 13
2 42 2 14
2 42 2 16
2 42 2 22
2 42 2 24
2 42 2 25
2 42 2 33
2 42 2 34
2 42 2 35
2 42 2 36
2 42 2 37
2 42 2 38
2 42 2 39
2 42 2 40
2 42 2 41
2 42 2 43
2 42 2 44
2 42 2 45
2 42 2 46
2 42 2 51
2 42 2 55
2 42 2 56
2 42 2 57
2 42 2 59
2 42 2 60
2 42 2 62
2 42 2 63
2 42 2 64
2 42 2 65
2 42 2 67
2 42 2 72
2 42 2 77
2 42 2 79
2 42 2 80
2 42 2 84
2 42 2 85
2 42 2 86
2 42 2 89
2 42 2 90
2 42 2 94
2 42 2 95
2 43 2 1
2 43 2 2
2 43 2 3
2 43 2 6
2 43 2 7
2 43 2 13
2 43 2 14
2 43 2 16
2 43 2 22
2 43 2 24
2 43 2 32
2 43 2 33
2 43 2 34
2 43 2 35
2 43 2 36
2 43 2 37
2 43 2 38
2 43 2 39
2 43 2 40
2 43 2 41
2 43 2 42
2 43 2 44
2 43 2 46
2 43 2 51
2 43 2 55
2 43 2 60
2 43 2 63
2 43 2 64
2 43 2 67
2 43 2 71
2 43 2 72
2 43 2 73
2 43 2 77
2 43 2 79
2 43 2 80
2 43 2 84
2 43 2 85
2 43 2 87
2 43 2 89
2 43 2 91
2 43 2 92
2 43 2 99
2 44 2 2
2 44 2 7
2 44 2 13
2 44 2 16
2 44 2 31
2 44 2 35
2 44 2 36
2 44 2 37
2 44 2 38
2 44 2 39
2 44 2 40
2 44 2 41
2 44 2 42
2 44 2 43
2 44 2 45
2 45 2 1
2 45 2 6
2 45 2 7
2 45 2 13
2 45 2 14
2 45 2 16
2 45 2 22
2 45 2 29
2 45 2 35
2 45 2 38
2 45 2 39
2 45 2 40
2 45 2 42
2 45 2 44
2 45 2 46
2 45 2 51
2 45 2 55
2 45 2 64
2 45 2 67
2 45 2 72
2 45 2 73
2 45 2 77
2 45 2 79
2 45 2 85
2 45 2 87
2 45 2 95
2 45 2 99
2 46 2 13
2 46 2 39
2 46 2 40
2 46 2 41
2 46 2 42
2 46 2 43
2 46 2 45
2 46 2 47
2 46 2 48
2 46 2 49
2 46 2 50
2 46 2 51
2 46 2 60
2 46 2 61
2 46 2 64
2 47 2 46
2 47 2 48
2 47 2 49
2 47 2 50
2 47 2 51
2 47 2 61
2 48 2 6
2 48 2 7
2 48 2 25
2 48 2 40
2 48 2 46
2 48 2 47
2 48 2 49
2 48 2 50
2 48 2 51
2 48 2 57
2 48 2 60
2 48 2 61
2 48 2 64
2 48 2 95
2 49 2 46
2 49 2 47
2 49 2 48
2 49 2 50
2 49 2 51
2 49 2 60
2 49 2 61
2 50 2 1
2 50 2 2
2 50 2 6
2 50 2 7
2 50 2 13
2 50 2 16
2 50 2 29
2 50 2 34
2 50 2 35
2 50 2 39
2 50 2 40
2 50 2 41
2 50 2 46
2 50 2 47
2 50 2 48
2 50 2 49
2 50 2 51
2 50 2 55
2 50 2 57
2 50 2 59
2 50 2 60
2 50 2 61
2 50 2 67
2 50 2 71
2 50 2 73
2 50 2 91
2 50 2 94
2 50 2 95
2 51 2 1
2 51 2 2
2 51 2 3
2 51 2 6
2 51 2 7
2 51 2 9
2 51 2 13
2 51 2 14
2 51 2 16
2 51 2 19
2 51 2 22
2 51 2 24
2 51 2 25
2 51 2 27
2 51 2 31
2 51 2 32
2 51 2 33
2 51 2 34
2 51 2 35
2 51 2 38
2 51 2 39
2 51 2 40
2 51 2 41
2 51 2 42
2 51 2 43
2 51 2 45
2 51 2 46
2 51 2 47
2 51 2 48
2 51 2 49
2 51 2 50
2 51 2 52
2 51 2 55
2 51 2 56
2 51 2 57
2 51 2 59
2 51 2 60
2 51 2 61
2 51 2 62
2 51 2 63
2 51 2 64
2 51 2 65
2 51 2 67
2 51 2 72
2 51 2 73
2 51 2 77
2 51 2 79
2 51 2 80
2 51 2 84
2 51 2 85
2 51 2 87
2 51 2 89
2 51 2 90
2 51 2 91
2 51 2 92
2 51 2 93
2 51 2 94
2 51 2 95
2 51 2 96
2 51 2 98
2 51 2 99
2 52 2 1
2 52 2 6
2 52 2 7
2 52 2 24
2 52 2 35
2 52 2 39
2 52 2 40
2 52 2 41
2 52 2 51
2 52 2 53
2 52 2 54
2 52 2 55
2 52 2 95
2 53 2 35
2 53 2 52
2 53 2 54
2 54 2 35
2 54 2 52
2 54 2 53
2 55 2 1
2 55 2 2
2 55 2 3
2 55 2 4
2 55 2 6
2 55 2 7
2 55 2 9
2 55 2 13
2 55 2 14
2 55 2 16
2 55 2 21
2 55 2 22
2 55 2 25
2 55 2 27
2 55 2 32
2 55 2 33
2 55 2 34
2 55 2 35
2 55 2 38
2 55 2 39
2 55 2 40
2 55 2 41
2 55 2 42
2 55 2 43
2 55 2 45
2 55 2 50
2 55 2 51
2 55 2 52
2 55 2 56
2 55 2 57
2 55 2 59
2 55 2 60
2 55 2 62
2 55 2 63
2 55 2 64
2 55 2 67
2 55 2 71
2 55 2 72
2 55 2 73
2 55 2 77
2 55 2 78
2 55 2 79
2 55 2 80
2 55 2 84
2 55 2 85
2 55 2 87
2 55 2 88
2 55 2 89
2 55 2 90
2 55 2 91
2 55 2 92
2 55 2 93
2 55 2 95
2 55 2 99
2 56 2 6
2 56 2 35
2 56 2 39
2 56 2 40
2 56 2 42
2 56 2 51
2 56 2 55
2 56 2 57
2 56 2 67
2 56 2 95
2 57 2 1
2 57 2 2
2 57 2 6
2 57 2 8
2 57 2 14
2 57 2 19
2 57 2 22
2 57 2 25
2 57 2 29
2 57 2 34
2 57 2 39
2 57 2 40
2 57 2 41
2 57 2 42
2 57 2 48
2 57 2 50
2 57 2 51
2 57 2 55
2 57 2 56
2 57 2 58
2 57 2 59
2 57 2 60
2 57 2 61
2 57 2 62
2 57 2 64
2 57 2 65
2 57 2 67
2 57 2 83
2 57 2 84
2 57 2 91
2 57 2 95
2 57 2 96
2 57 2 98
2 58 2 57
2 58 2 59
2 59 2 2
2 59 2 6
2 59 2 9
2 59 2 22
2 59 2 25
2 59 2 31
2 59 2 40
2 59 2 41
2 59 2 42
2 59 2 50
2 59 2 51
2 59 2 55
2 59 2 57
2 59 2 58
2 59 2 60
2 59 2 67
2 59 2 95
2 60 2 1
2 60 2 2
2 60 2 6
2 60 2 7
2 60 2 9
2 60 2 13
2 60 2 14
2 60 2 16
2 60 2 22
2 60 2 24
2 60 2 25
2 60 2 32
2 60 2 34
2 60 2 35
2 60 2 38
2 60 2 39
2 60 2 40
2 60 2 41
2 60 2 42
2 60 2 43
2 60 2 46
2 60 2 48
2 60 2 49
2 60 2 50
2 60 2 51
2 60 2 55
2 60 2 57
2 60 2 59
2 60 2 61
2 60 2 62
2 60 2 64
2 60 2 67
2 60 2 72
2 60 2 73
2 60 2 80
2 60 2 82
2 60 2 83
2 60 2 91
2 60 2 95
2 60 2 98
2 60 2 99
2 60 2 100
2 61 2 2
2 61 2 6
2 61 2 9
2 61 2 29
2 61 2 34
2 61 2 39
2 61 2 40
2 61 2 46
2 61 2 47
2 61 2 48
2 61 2 49
2 61 2 50
2 61 2 51
2 61 2 57
2 61 2 60
2 61 2 62
2 61 2 67
2 61 2 95
2 62 2 1
2 62 2 2
2 62 2 6
2 62 2 14
2 62 2 16
2 62 2 22
2 62 2 24
2 62 2 32
2 62 2 35
2 62 2 39
2 62 2 40
2 62 2 41
2 62 2 42
2 62 2 51
2 62 2 55
2 62 2 57
2 62 2 60
2 62 2 61
2 62 2 63
2 62 2 64
2 62 2 67
2 62 2 91
2 62 2 95
2 63 2 1
2 63 2 6
2 63 2 9
2 63 2 22
2 63 2 25
2 63 2 29
2 63 2 32
2 63 2 34
2 63 2 35
2 63 2 40
2 63 2 41
2 63 2 42
2 63 2 43
2 63 2 51
2 63 2 55
2 63 2 62
2 63 2 64
2 63 2 67
2 63 2 91
2 64 2 1
2 64 2 2
2 64 2 6
2 64 2 7
2 64 2 13
2 64 2 14
2 64 2 16
2 64 2 22
2 64 2 24
2 64 2 25
2 64 2 29
2 64 2 31
2 64 2 32
2 64 2 34
2 64 2 35
2 64 2 38
2 64 2 39
2 64 2 40
2 64 2 41
2 64 2 42
2 64 2 43
2 64 2 45
2 64 2 46
2 64 2 48
2 64 2 51
2 64 2 55
2 64 2 57
2 64 2 60
2 64 2 62
2 64 2 63
2 64 2 65
2 64 2 67
2 64 2 71
2 64 2 72
2 64 2 73
2 64 2 79
2 64 2 85
2 64 2 89
2 64 2 91
2 64 2 94
2 64 2 95
2 64 2 96
2 64 2 98
2 65 2 16
2 65 2 35
2 65 2 42
2 65 2 51
2 65 2 57
2 65 2 64
2 65 2 66
2 66 2 65
2 66 2 67
2 67 2 1
2 67 2 2
2 67 2 6
2 67 2 7
2 67 2 9
2 67 2 13
2 67 2 14
2 67 2 16
2 67 2 22
2 67 2 24
2 67 2 25
2 67 2 29
2 67 2 32
2 67 2 33
2 67 2 34
2 67 2 35
2 67 2 37
2 67 2 38
2 67 2 39
2 67 2 40
2 67 2 41
2 67 2 42
2 67 2 43
2 67 2 45
2 67 2 50
2 67 2 51
2 67 2 55
2 67 2 56
2 67 2 57
2 67 2 59
2 67 2 60
2 67 2 61
2 67 2 62
2 67 2 63
2 67 2 64
2 67 2 66
2 67 2 68
2 67 2 71
2 67 2 72
2 67 2 73
2 67 2 77
2 67 2 78
2 67 2 79
2 67 2 80
2 67 2 84
2 67 2 85
2 67 2 89
2 67 2 91
2 67 2 92
2 67 2 93
2 67 2 95
2 67 2 99
2 68 2 13
2 68 2 14
2 68 2 22
2 68 2 29
2 68 2 35
2 68 2 38
2 68 2 39
2 68 2 67
2 68 2 69
2 68 2 70
2 68 2 85
2 68 2 91
2 68 2 92
2 68 2 93
2 68 2 94
2 69 2 1
2 69 2 14
2 69 2 29
2 69 2 68
2 69 2 70
2 69 2 94
2 70 2 14
2 70 2 29
2 70 2 68
2 70 2 69
2 70 2 71
2 71 2 1
2 71 2 2
2 71 2 6
2 71 2 14
2 71 2 29
2 71 2 33
2 71 2 39
2 71 2 40
2 71 2 41
2 71 2 43
2 71 2 50
2 71 2 55
2 71 2 64
2 71 2 67
2 71 2 70
2 71 2 72
2 71 2 91
2 71 2 95
2 72 2 1
2 72 2 13
2 72 2 14
2 72 2 16
2 72 2 22
2 72 2 33
2 72 2 34
2 72 2 35
2 72 2 38
2 72 2 39
2 72 2 40
2 72 2 42
2 72 2 43
2 72 2 45
2 72 2 51
2 72 2 55
2 72 2 60
2 72 2 64
2 72 2 67
2 72 2 71
2 72 2 73
2 72 2 77
2 72 2 78
2 72 2 84
2 72 2 85
2 72 2 89
2 72 2 90
2 72 2 91
2 72 2 92
2 72 2 93
2 72 2 94
2 72 2 99
2 72 2 100
2 73 2 6
2 73 2 7
2 73 2 13
2 73 2 14
2 73 2 16
2 73 2 22
2 73 2 33
2 73 2 35
2 73 2 39
2 73 2 40
2 73 2 41
2 73 2 43
2 73 2 45
2 73 2 50
2 73 2 51
2 73 2 55
2 73 2 60
2 73 2 64
2 73 2 67
2 73 2 72
2 73 2 74
2 73 2 75
2 73 2 76
2 73 2 77
2 73 2 78
2 73 2 79
2 73 2 89
2 74 2 40
2 74 2 73
2 74 2 75
2 74 2 76
2 74 2 77
2 74 2 78
2 74 2 79
2 75 2 40
2 75 2 41
2 75 2 73
2 75 2 74
2 75 2 76
2 75 2 77
2 75 2 78
2 75 2 79
2 75 2 95
2 76 2 24
2 76 2 40
2 76 2 73
2 76 2 74
2 76 2 75
2 76 2 77
2 76 2 78
2 76 2 79
2 77 2 1
2 77 2 7
2 77 2 13
2 77 2 14
2 77 2 22
2 77 2 24
2 77 2 25
2 77 2 29
2 77 2 32
2 77 2 33
2 77 2 34
2 77 2 35
2 77 2 39
2 77 2 40
2 77 2 41
2 77 2 42
2 77 2 43
2 77 2 45
2 77 2 51
2 77 2 55
2 77 2 67
2 77 2 72
2 77 2 73
2 77 2 74
2 77 2 75
2 77 2 76
2 77 2 78
2 77 2 79
2 77 2 85
2 77 2 89
2 77 2 90
2 77 2 91
2 77 2 92
2 77 2 93
2 77 2 94
2 77 2 99
2 78 2 14
2 78 2 33
2 78 2 35
2 78 2 39
2 78 2 40
2 78 2 55
2 78 2 67
2 78 2 72
2 78 2 73
2 78 2 74
2 78 2 75
2 78 2 76
2 78 2 77
2 78 2 79
2 78 2 85
2 78 2 87
2 78 2 90
2 79 2 6
2 79 2 16
2 79 2 22
2 79 2 25
2 79 2 34
2 79 2 35
2 79 2 39
2 79 2 40
2 79 2 42
2 79 2 43
2 79 2 45
2 79 2 51
2 79 2 55
2 79 2 64
2 79 2 67
2 79 2 73
2 79 2 74
2 79 2 75
2 79 2 76
2 79 2 77
2 79 2 78
2 79 2 80
2 79 2 84
2 79 2 95
2 80 2 6
2 80 2 7
2 80 2 9
2 80 2 13
2 80 2 14
2 80 2 22
2 80 2 25
2 80 2 35
2 80 2 37
2 80 2 39
2 80 2 40
2 80 2 41
2 80 2 42
2 80 2 43
2 80 2 51
2 80 2 55
2 80 2 60
2 80 2 67
2 80 2 79
2 80 2 81
2 80 2 82
2 80 2 91
2 80 2 95
2 81 2 9
2 81 2 80
2 81 2 82
2 82 2 9
2 82 2 60
2 82 2 80
2 82 2 81
2 82 2 83
2 83 2 22
2 83 2 25
2 83 2 35
2 83 2 57
2 83 2 60
2 83 2 82
2 83 2 84
2 84 2 2
2 84 2 6
2 84 2 7
2 84 2 14
2 84 2 16
2 84 2 19
2 84 2 21
2 84 2 22
2 84 2 35
2 84 2 38
2 84 2 39
2 84 2 40
2 84 2 41
2 84 2 42
2 84 2 43
2 84 2 51
2 84 2 55
2 84 2 57
2 84 2 67
2 84 2 72
2 84 2 79
2 84 2 83
2 84 2 85
2 84 2 91
2 84 2 95
2 85 2 1
2 85 2 6
2 85 2 13
2 85 2 14
2 85 2 16
2 85 2 22
2 85 2 29
2 85 2 33
2 85 2 35
2 85 2 39
2 85 2 40
2 85 2 41
2 85 2 42
2 85 2 43
2 85 2 45
2 85 2 51
2 85 2 55
2 85 2 64
2 85 2 67
2 85 2 68
2 85 2 72
2 85 2 77
2 85 2 78
2 85 2 84
2 85 2 86
2 85 2 87
2 85 2 88
2 85 2 89
2 85 2 91
2 85 2 92
2 85 2 93
2 85 2 98
2 85 2 99
2 86 2 1
2 86 2 14
2 86 2 35
2 86 2 41
2 86 2 42
2 86 2 85
2 86 2 87
2 86 2 88
2 86 2 89
2 87 2 1
2 87 2 13
2 87 2 14
2 87 2 22
2 87 2 33
2 87 2 34
2 87 2 35
2 87 2 39
2 87 2 40
2 87 2 41
2 87 2 43
2 87 2 45
2 87 2 51
2 87 2 55
2 87 2 78
2 87 2 85
2 87 2 86
2 87 2 88
2 87 2 89
2 87 2 92
2 88 2 14
2 88 2 35
2 88 2 55
2 88 2 85
2 88 2 86
2 88 2 87
2 88 2 89
2 89 2 1
2 89 2 7
2 89 2 14
2 89 2 22
2 89 2 29
2 89 2 33
2 89 2 34
2 89 2 35
2 89 2 39
2 89 2 40
2 89 2 41
2 89 2 42
2 89 2 43
2 89 2 51
2 89 2 55
2 89 2 64
2 89 2 67
2 89 2 72
2 89 2 73
2 89 2 77
2 89 2 85
2 89 2 86
2 89 2 87
2 89 2 88
2 89 2 90
2 89 2 94
2 89 2 98
2 90 2 1
2 90 2 7
2 90 2 14
2 90 2 16
2 90 2 22
2 90 2 35
2 90 2 39
2 90 2 41
2 90 2 42
2 90 2 51
2 90 2 55
2 90 2 72
2 90 2 77
2 90 2 78
2 90 2 89
2 90 2 91
2 91 2 1
2 91 2 6
2 91 2 10
2 91 2 13
2 91 2 14
2 91 2 16
2 91 2 22
2 91 2 24
2 91 2 25
2 91 2 29
2 91 2 32
2 91 2 33
2 91 2 34
2 91 2 35
2 91 2 37
2 91 2 39
2 91 2 40
2 91 2 41
2 91 2 43
2 91 2 50
2 91 2 51
2 91 2 55
2 91 2 57
2 91 2 60
2 91 2 62
2 91 2 63
2 91 2 64
2 91 2 67
2 91 2 68
2 91 2 71
2 91 2 72
2 91 2 77
2 91 2 80
2 91 2 84
2 91 2 85
2 91 2 90
2 91 2 92
2 91 2 95
2 91 2 98
2 91 2 99
2 92 2 1
2 92 2 2
2 92 2 13
2 92 2 14
2 92 2 22
2 92 2 34
2 92 2 35
2 92 2 38
2 92 2 39
2 92 2 40
2 92 2 41
2 92 2 43
2 92 2 51
2 92 2 55
2 92 2 67
2 92 2 68
2 92 2 72
2 92 2 77
2 92 2 85
2 92 2 87
2 92 2 91
2 92 2 93
2 92 2 94
2 93 2 1
2 93 2 14
2 93 2 22
2 93 2 29
2 93 2 35
2 93 2 38
2 93 2 39
2 93 2 51
2 93 2 55
2 93 2 67
2 93 2 68
2 93 2 72
2 93 2 77
2 93 2 85
2 93 2 92
2 93 2 94
2 94 2 1
2 94 2 6
2 94 2 13
2 94 2 14
2 94 2 16
2 94 2 29
2 94 2 33
2 94 2 35
2 94 2 38
2 94 2 39
2 94 2 40
2 94 2 41
2 94 2 42
2 94 2 50
2 94 2 51
2 94 2 64
2 94 2 68
2 94 2 69
2 94 2 72
2 94 2 77
2 94 2 89
2 94 2 92
2 94 2 93
2 94 2 95
2 95 2 1
2 95 2 2
2 95 2 6
2 95 2 13
2 95 2 16
2 95 2 19
2 95 2 22
2 95 2 24
2 95 2 25
2 95 2 32
2 95 2 34
2 95 2 35
2 95 2 39
2 95 2 40
2 95 2 41
2 95 2 42
2 95 2 45
2 95 2 48
2 95 2 50
2 95 2 51
2 95 2 52
2 95 2 55
2 95 2 56
2 95 2 57
2 95 2 59
2 95 2 60
2 95 2 61
2 95 2 62
2 95 2 64
2 95 2 67
2 95 2 71
2 95 2 75
2 95 2 79
2 95 2 80
2 95 2 84
2 95 2 91
2 95 2 94
2 95 2 96
2 96 2 2
2 96 2 24
2 96 2 29
2 96 2 34
2 96 2 40
2 96 2 51
2 96 2 57
2 96 2 64
2 96 2 95
2 96 2 97
2 96 2 98
2 97 2 96
2 98 2 1
2 98 2 2
2 98 2 6
2 98 2 7
2 98 2 13
2 98 2 22
2 98 2 34
2 98 2 35
2 98 2 38
2 98 2 40
2 98 2 51
2 98 2 57
2 98 2 60
2 98 2 64
2 98 2 85
2 98 2 89
2 98 2 91
2 98 2 96
2 98 2 99
2 99 2 14
2 99 2 22
2 99 2 25
2 99 2 34
2 99 2 35
2 99 2 39
2 99 2 40
2 99 2 43
2 99 2 45
2 99 2 51
2 99 2 55
2 99 2 60
2 99 2 67
2 99 2 72
2 99 2 77
2 99 2 85
2 99 2 91
2 99 2 98
2 99 2 100
2 100 2 14
2 100 2 40
2 100 2 60
2 100 2 72
2 100 2 99
1 1 2 1
1 2 2 1
1 2 2 2
1 2 2 6
1 2 2 9
1 2 2 24
1 2 2 29
1 2 2 31
1 2 2 34
1 2 2 38
1 2 2 40
1 2 2 41
1 2 2 46
1 2 2 48
1 2 2 50
1 2 2 51
1 2 2 55
1 2 2 57
1 2 2 59
1 2 2 60
1 2 2 62
1 2 2 67
1 2 2 95
1 2 2 96
1 3 2 1
1 3 2 2
1 3 2 3
1 3 2 4
1 3 2 5
1 3 2 6
1 3 2 7
1 3 2 13
1 3 2 14
1 3 2 16
1 3 2 22
1 3 2 24
1 3 2 29
1 3 2 33
1 3 2 34
1 3 2 35
1 3 2 39
1 3 2 40
1 3 2 41
1 3 2 43
1 3 2 45
1 3 2 51
1 3 2 55
1 3 2 59
1 3 2 60
1 3 2 64
1 3 2 65
1 3 2 66
1 3 2 67
1 3 2 72
1 3 2 73
1 3 2 77
1 3 2 78
1 3 2 79
1 3 2 80
1 3 2 84
1 3 2 86
1 3 2 90
1 3 2 91
1 3 2 92
1 3 2 93
1 3 2 94
1 3 2 95
1 3 2 99
1 4 2 1
1 4 2 2
1 4 2 3
1 4 2 6
1 4 2 13
1 4 2 24
1 4 2 25
1 4 2 34
1 4 2 35
1 4 2 39
1 4 2 40
1 4 2 41
1 4 2 42
1 4 2 43
1 4 2 50
1 4 2 51
1 4 2 55
1 4 2 57
1 4 2 59
1 4 2 60
1 4 2 64
1 4 2 67
1 4 2 90
1 4 2 91
1 4 2 95
1 5 2 2
1 5 2 3
1 5 2 13
1 5 2 16
1 5 2 40
1 5 2 51
1 5 2 55
1 5 2 59
1 5 2 65
1 5 2 67
1 5 2 95
1 6 2 2
1 6 2 3
1 6 2 22
1 6 2 29
1 6 2 32
1 6 2 35
1 6 2 40
1 6 2 55
1 6 2 57
1 6 2 91
1 7 2 2
1 7 2 3
1 7 2 22
1 7 2 51
1 7 2 67
1 7 2 79
1 8 2 1
1 8 2 2
1 8 2 3
1 8 2 6
1 8 2 13
1 8 2 24
1 8 2 34
1 8 2 35
1 8 2 40
1 8 2 41
1 8 2 51
1 8 2 55
1 8 2 59
1 8 2 60
1 8 2 62
1 8 2 64
1 8 2 67
1 8 2 94
1 8 2 95
1 9 2 2
1 9 2 3
1 9 2 43
1 9 2 56
1 9 2 65
1 9 2 66
1 10 2 2
1 10 2 3
1 11 2 2
1 11 2 3
1 12 2 2
1 12 2 3
1 13 2 1
1 13 2 34
1 13 2 41
1 13 2 43
1 13 2 51
1 13 2 55
1 13 2 60
1 13 2 65
1 13 2 66
1 13 2 77
1 13 2 90
1 14 2 1
1 14 2 4
1 14 2 5
1 14 2 6
1 14 2 9
1 14 2 16
1 14 2 22
1 14 2 28
1 14 2 33
1 14 2 34
1 14 2 35
1 14 2 38
1 14 2 39
1 14 2 40
1 14 2 41
1 14 2 42
1 14 2 43
1 14 2 51
1 14 2 52
1 14 2 55
1 14 2 57
1 14 2 59
1 14 2 60
1 14 2 64
1 14 2 67
1 14 2 68
1 14 2 72
1 14 2 80
1 14 2 89
1 14 2 90
1 14 2 91
1 14 2 95
1 15 2 4
1 15 2 5
1 15 2 6
1 15 2 51
1 15 2 52
1 15 2 59
1 16 2 4
1 16 2 5
1 16 2 6
1 17 2 4
1 17 2 5
1 17 2 6
1 18 2 4
1 18 2 5
1 18 2 6
1 18 2 22
1 18 2 35
1 18 2 55
1 19 2 1
1 19 2 2
1 19 2 4
1 19 2 5
1 19 2 6
1 19 2 13
1 19 2 14
1 19 2 16
1 19 2 22
1 19 2 34
1 19 2 35
1 19 2 40
1 19 2 50
1 19 2 51
1 19 2 52
1 19 2 55
1 19 2 57
1 19 2 59
1 19 2 60
1 19 2 67
1 19 2 79
1 19 2 84
1 19 2 91
1 20 2 4
1 20 2 5
1 20 2 6
1 21 2 4
1 21 2 5
1 21 2 6
1 21 2 7
1 21 2 13
1 21 2 20
1 21 2 35
1 21 2 39
1 21 2 40
1 21 2 42
1 21 2 51
1 21 2 52
1 21 2 55
1 21 2 73
1 21 2 91
1 22 2 4
1 22 2 5
1 22 2 6
1 23 2 4
1 23 2 5
1 23 2 6
1 24 2 4
1 24 2 5
1 24 2 6
1 25 2 4
1 25 2 5
1 25 2 6
1 25 2 64
1 26 2 14
1 26 2 22
1 26 2 38
1 26 2 39
1 26 2 42
1 26 2 45
1 26 2 64
1 26 2 67
1 26 2 77
1 26 2 90
1 26 2 91
1 27 2 2
1 27 2 6
1 27 2 7
1 27 2 8
1 27 2 13
1 27 2 16
1 27 2 22
1 27 2 25
1 27 2 32
1 27 2 34
1 27 2 35
1 27 2 39
1 27 2 40
1 27 2 55
1 27 2 60
1 27 2 67
1 27 2 79
1 27 2 84
1 27 2 91
1 28 2 7
1 28 2 8
1 28 2 40
1 29 2 6
1 29 2 7
1 29 2 8
1 29 2 14
1 29 2 35
1 29 2 38
1 29 2 39
1 29 2 40
1 29 2 42
1 29 2 51
1 29 2 55
1 29 2 64
1 29 2 73
1 29 2 79
1 30 2 7
1 30 2 8
1 30 2 31
1 30 2 40
1 30 2 73
1 31 2 1
1 31 2 6
1 31 2 7
1 31 2 8
1 31 2 10
1 31 2 11
1 31 2 12
1 31 2 13
1 31 2 14
1 31 2 16
1 31 2 22
1 31 2 24
1 31 2 25
1 31 2 28
1 31 2 29
1 31 2 31
1 31 2 34
1 31 2 35
1 31 2 39
1 31 2 40
1 31 2 41
1 31 2 42
1 31 2 43
1 31 2 50
1 31 2 51
1 31 2 55
1 31 2 56
1 31 2 57
1 31 2 60
1 31 2 61
1 31 2 62
1 31 2 64
1 31 2 67
1 31 2 73
1 31 2 80
1 31 2 81
1 31 2 84
1 31 2 85
1 31 2 89
1 31 2 91
1 31 2 92
1 31 2 95
1 32 2 1
1 32 2 2
1 32 2 6
1 32 2 7
1 32 2 8
1 32 2 13
1 32 2 14
1 32 2 16
1 32 2 22
1 32 2 32
1 32 2 34
1 32 2 35
1 32 2 38
1 32 2 39
1 32 2 40
1 32 2 50
1 32 2 51
1 32 2 55
1 32 2 57
1 32 2 59
1 32 2 60
1 32 2 61
1 32 2 64
1 32 2 67
1 32 2 92
1 32 2 95
1 33 2 6
1 33 2 40
1 33 2 46
1 33 2 48
1 33 2 51
1 33 2 58
1 33 2 91
1 34 2 58
1 34 2 71
1 35 2 58
1 36 2 2
1 36 2 6
1 36 2 9
1 36 2 13
1 36 2 16
1 36 2 18
1 36 2 22
1 36 2 24
1 36 2 25
1 36 2 29
1 36 2 32
1 36 2 34
1 36 2 35
1 36 2 38
1 36 2 40
1 36 2 41
1 36 2 42
1 36 2 43
1 36 2 46
1 36 2 48
1 36 2 49
1 36 2 50
1 36 2 51
1 36 2 55
1 36 2 56
1 36 2 57
1 36 2 60
1 36 2 61
1 36 2 62
1 36 2 64
1 36 2 72
1 36 2 79
1 36 2 91
1 36 2 95
1 36 2 96
1 36 2 97
1 36 2 98
1 37 2 2
1 37 2 6
1 37 2 13
1 37 2 14
1 37 2 16
1 37 2 17
1 37 2 18
1 37 2 19
1 37 2 20
1 37 2 21
1 37 2 22
1 37 2 23
1 37 2 24
1 37 2 34
1 37 2 35
1 37 2 40
1 37 2 41
1 37 2 50
1 37 2 51
1 37 2 67
1 38 2 6
1 38 2 16
1 38 2 17
1 38 2 18
1 38 2 19
1 38 2 20
1 38 2 21
1 38 2 22
1 38 2 23
1 38 2 24
1 39 2 6
1 39 2 16
1 39 2 17
1 39 2 18
1 39 2 19
1 39 2 20
1 39 2 21
1 39 2 22
1 39 2 23
1 39 2 24
1 40 2 6
1 40 2 16
1 40 2 17
1 40 2 18
1 40 2 19
1 40 2 20
1 40 2 21
1 40 2 22
1 40 2 23
1 40 2 24
1 41 2 6
1 41 2 16
1 41 2 17
1 41 2 18
1 41 2 19
1 41 2 20
1 41 2 21
1 41 2 22
1 41 2 23
1 41 2 24
1 41 2 35
1 41 2 40
1 41 2 46
1 41 2 51
1 41 2 55
1 41 2 96
1 42 2 6
1 42 2 16
1 42 2 17
1 42 2 18
1 42 2 19
1 42 2 20
1 42 2 21
1 42 2 22
1 42 2 23
1 42 2 24
1 42 2 40
1 42 2 51
1 43 2 20
1 43 2 21
1 43 2 22
1 43 2 35
1 43 2 38
1 43 2 40
1 43 2 51
1 43 2 64
1 44 2 2
1 44 2 6
1 44 2 7
1 44 2 13
1 44 2 14
1 44 2 22
1 44 2 35
1 44 2 39
1 44 2 40
1 44 2 42
1 44 2 43
1 44 2 51
1 44 2 55
1 44 2 60
1 44 2 67
1 44 2 79
1 44 2 80
1 44 2 95
1 45 2 1
1 45 2 2
1 45 2 3
1 45 2 6
1 45 2 7
1 45 2 8
1 45 2 9
1 45 2 13
1 45 2 14
1 45 2 16
1 45 2 18
1 45 2 22
1 45 2 24
1 45 2 25
1 45 2 28
1 45 2 29
1 45 2 32
1 45 2 34
1 45 2 35
1 45 2 38
1 45 2 39
1 45 2 40
1 45 2 41
1 45 2 42
1 45 2 43
1 45 2 46
1 45 2 48
1 45 2 50
1 45 2 51
1 45 2 52
1 45 2 55
1 45 2 57
1 45 2 60
1 45 2 61
1 45 2 62
1 45 2 63
1 45 2 64
1 45 2 65
1 45 2 67
1 45 2 71
1 45 2 73
1 45 2 77
1 45 2 80
1 45 2 81
1 45 2 82
1 45 2 84
1 45 2 89
1 45 2 91
1 45 2 92
1 45 2 95
1 45 2 96
1 45 2 97
1 45 2 98
1 45 2 99
1 45 2 100
1 46 2 6
1 46 2 7
1 46 2 13
1 46 2 14
1 46 2 15
1 46 2 22
1 46 2 34
1 46 2 39
1 46 2 40
1 46 2 46
1 46 2 51
1 46 2 59
1 46 2 60
1 46 2 67
1 46 2 79
1 47 2 14
1 47 2 15
1 47 2 16
1 47 2 35
1 47 2 43
1 47 2 51
1 47 2 60
1 48 2 6
1 48 2 14
1 48 2 15
1 48 2 51
1 48 2 55
1 48 2 85
1 49 2 14
1 49 2 15
1 50 2 1
1 50 2 6
1 50 2 8
1 50 2 14
1 50 2 22
1 50 2 34
1 50 2 35
1 50 2 39
1 50 2 40
1 50 2 45
1 50 2 51
1 50 2 55
1 50 2 67
1 50 2 72
1 50 2 73
1 50 2 85
1 50 2 87
1 50 2 89
1 50 2 90
1 50 2 92
1 50 2 96
1 51 2 35
1 51 2 36
1 51 2 37
1 51 2 38
1 51 2 39
1 51 2 40
1 51 2 41
1 51 2 42
1 51 2 43
1 51 2 44
1 52 2 1
1 52 2 13
1 52 2 14
1 52 2 16
1 52 2 22
1 52 2 29
1 52 2 33
1 52 2 35
1 52 2 36
1 52 2 37
1 52 2 38
1 52 2 39
1 52 2 40
1 52 2 41
1 52 2 42
1 52 2 43
1 52 2 44
1 52 2 51
1 52 2 55
1 52 2 67
1 52 2 72
1 52 2 77
1 52 2 85
1 52 2 87
1 52 2 89
1 52 2 90
1 52 2 91
1 52 2 93
1 52 2 99
1 53 2 14
1 53 2 29
1 53 2 35
1 53 2 36
1 53 2 37
1 53 2 38
1 53 2 39
1 53 2 40
1 53 2 41
1 53 2 42
1 53 2 43
1 53 2 44
1 53 2 94
1 54 2 1
1 54 2 13
1 54 2 14
1 54 2 16
1 54 2 22
1 54 2 35
1 54 2 36
1 54 2 37
1 54 2 38
1 54 2 39
1 54 2 40
1 54 2 41
1 54 2 42
1 54 2 43
1 54 2 44
1 54 2 45
1 54 2 51
1 54 2 55
1 54 2 56
1 54 2 64
1 54 2 67
1 54 2 72
1 54 2 77
1 54 2 85
1 54 2 99
1 55 2 1
1 55 2 6
1 55 2 7
1 55 2 13
1 55 2 14
1 55 2 22
1 55 2 29
1 55 2 33
1 55 2 35
1 55 2 39
1 55 2 40
1 55 2 41
1 55 2 42
1 55 2 43
1 55 2 45
1 55 2 51
1 55 2 55
1 55 2 67
1 55 2 68
1 55 2 69
1 55 2 70
1 55 2 72
1 55 2 77
1 55 2 85
1 55 2 90
1 55 2 91
1 55 2 92
1 55 2 93
1 55 2 94
1 56 2 1
1 56 2 13
1 56 2 14
1 56 2 35
1 56 2 38
1 56 2 40
1 56 2 68
1 56 2 72
1 56 2 92
1 56 2 93
1 56 2 94
1 57 2 2
1 57 2 3
1 57 2 4
1 57 2 6
1 57 2 7
1 57 2 8
1 57 2 9
1 57 2 13
1 57 2 14
1 57 2 16
1 57 2 18
1 57 2 22
1 57 2 24
1 57 2 25
1 57 2 29
1 57 2 32
1 57 2 34
1 57 2 35
1 57 2 38
1 57 2 39
1 57 2 40
1 57 2 41
1 57 2 42
1 57 2 43
1 57 2 45
1 57 2 49
1 57 2 50
1 57 2 51
1 57 2 52
1 57 2 55
1 57 2 57
1 57 2 59
1 57 2 60
1 57 2 62
1 57 2 64
1 57 2 67
1 57 2 80
1 57 2 81
1 57 2 82
1 57 2 84
1 57 2 85
1 57 2 89
1 57 2 91
1 57 2 95
1 57 2 96
1 58 2 1
1 58 2 13
1 58 2 24
1 58 2 39
1 58 2 40
1 58 2 41
1 58 2 51
1 58 2 52
1 58 2 55
1 58 2 72
1 58 2 91
1 60 2 40
1 60 2 51
1 64 2 1
1 64 2 13
1 64 2 22
1 64 2 35
1 64 2 40
1 64 2 43
1 64 2 46
1 64 2 67
1 65 2 1
1 65 2 2
1 65 2 6
1 65 2 7
1 65 2 13
1 65 2 22
1 65 2 24
1 65 2 25
1 65 2 29
1 65 2 34
1 65 2 40
1 65 2 41
1 65 2 45
1 65 2 48
1 65 2 50
1 65 2 51
1 65 2 55
1 65 2 57
1 65 2 60
1 65 2 61
1 65 2 63
1 65 2 64
1 65 2 71
1 65 2 90
1 65 2 91
1 65 2 95
1 65 2 99
1 66 2 6
1 66 2 40
1 66 2 65
1 66 2 66
1 67 2 51
1 67 2 65
1 67 2 66
1 68 2 1
1 68 2 51
1 68 2 65
1 68 2 66
1 69 2 51
1 69 2 59
1 69 2 65
1 69 2 66
1 70 2 65
1 70 2 66
1 71 2 65
1 71 2 66
1 72 2 22
1 72 2 34
1 72 2 38
1 72 2 40
1 72 2 64
1 72 2 65
1 72 2 66
1 73 2 65
1 73 2 66
1 74 2 20
1 74 2 40
1 74 2 42
1 74 2 51
1 74 2 55
1 74 2 84
1 75 2 84
1 76 2 84
1 77 2 14
1 77 2 84
1 78 2 1
1 78 2 2
1 78 2 8
1 78 2 13
1 78 2 14
1 78 2 16
1 78 2 22
1 78 2 29
1 78 2 35
1 78 2 39
1 78 2 40
1 78 2 41
1 78 2 43
1 78 2 45
1 78 2 51
1 78 2 55
1 78 2 64
1 78 2 67
1 78 2 72
1 78 2 77
1 78 2 85
1 78 2 86
1 78 2 87
1 78 2 88
1 78 2 89
1 78 2 90
1 78 2 91
1 78 2 92
1 78 2 93
1 78 2 94
1 78 2 99
1 79 2 6
1 79 2 14
1 79 2 29
1 79 2 34
1 79 2 35
1 79 2 45
1 79 2 67
1 79 2 68
1 79 2 69
1 79 2 70
1 79 2 92
1 79 2 94
1 80 2 14
1 80 2 29
1 80 2 68
1 80 2 69
1 80 2 70
1 81 2 14
1 81 2 29
1 81 2 35
1 81 2 67
1 81 2 68
1 81 2 69
1 81 2 70
1 81 2 91
1 81 2 94
1 82 2 14
1 82 2 29
1 82 2 68
1 82 2 69
1 82 2 70
1 83 2 9
1 83 2 13
1 83 2 14
1 83 2 16
1 83 2 22
1 83 2 29
1 83 2 34
1 83 2 35
1 83 2 38
1 83 2 39
1 83 2 40
1 83 2 51
1 83 2 67
1 83 2 68
1 83 2 69
1 83 2 70
1 83 2 90
1 83 2 91
1 83 2 92
1 83 2 94
1 84 2 14
1 84 2 29
1 84 2 68
1 84 2 69
1 84 2 70
1 85 2 1
1 85 2 14
1 85 2 29
1 85 2 67
1 85 2 68
1 85 2 69
1 85 2 70
1 85 2 77
1 86 2 1
1 86 2 6
1 86 2 13
1 86 2 14
1 86 2 22
1 86 2 29
1 86 2 33
1 86 2 34
1 86 2 35
1 86 2 38
1 86 2 39
1 86 2 40
1 86 2 43
1 86 2 45
1 86 2 55
1 86 2 64
1 86 2 67
1 86 2 72
1 86 2 75
1 86 2 77
1 86 2 83
1 86 2 84
1 86 2 89
1 86 2 94
1 86 2 95
1 87 2 6
1 87 2 13
1 87 2 14
1 87 2 16
1 87 2 19
1 87 2 34
1 87 2 39
1 87 2 40
1 87 2 41
1 87 2 42
1 87 2 46
1 87 2 48
1 87 2 50
1 87 2 51
1 87 2 55
1 87 2 57
1 87 2 60
1 87 2 63
1 87 2 64
1 87 2 73
1 87 2 84
1 87 2 91
1 87 2 95
1 87 2 96
1 88 2 35
1 88 2 51
1 88 2 79
1 91 2 64
1 92 2 2
1 92 2 6
1 92 2 7
1 92 2 9
1 92 2 13
1 92 2 22
1 92 2 24
1 92 2 25
1 92 2 29
1 92 2 34
1 92 2 35
1 92 2 38
1 92 2 39
1 92 2 40
1 92 2 41
1 92 2 43
1 92 2 48
1 92 2 49
1 92 2 50
1 92 2 51
1 92 2 55
1 92 2 57
1 92 2 58
1 92 2 59
1 92 2 60
1 92 2 61
1 92 2 62
1 92 2 63
1 92 2 64
1 92 2 65
1 92 2 67
1 92 2 71
1 92 2 84
1 92 2 95
1 92 2 96
1 93 2 1
1 93 2 2
1 93 2 6
1 93 2 9
1 93 2 29
1 93 2 32
1 93 2 34
1 93 2 39
1 93 2 40
1 93 2 42
1 93 2 46
1 93 2 47
1 93 2 48
1 93 2 49
1 93 2 50
1 93 2 51
1 93 2 52
1 93 2 57
1 93 2 60
1 93 2 61
1 93 2 64
1 93 2 66
1 93 2 92
1 93 2 96
1 93 2 97
1 94 2 46
1 94 2 47
1 94 2 48
1 94 2 49
1 94 2 50
1 94 2 51
1 94 2 61
1 95 2 46
1 95 2 47
1 95 2 48
1 95 2 49
1 95 2 50
1 95 2 51
1 95 2 61
1 96 2 46
1 96 2 47
1 96 2 48
1 96 2 49
1 96 2 50
1 96 2 51
1 96 2 61
1 97 2 46
1 97 2 47
1 97 2 48
1 97 2 49
1 97 2 50
1 97 2 51
1 97 2 61
1 98 2 6
1 98 2 9
1 98 2 25
1 98 2 40
1 98 2 50
1 98 2 57
1 98 2 60
1 98 2 63
1 99 2 6
1 99 2 34
1 99 2 50
1 99 2 56
1 100 2 56
