1 0.022749740061152147 95
2 5.851532884946741 45
3 23.407376997464468 2
4 23.694598926037933 1
5 21.387464396393028 3
6 8.868734894717885 22
7 5.9122688395026755 41
8 7.540373821412172 30
9 9.874407845195067 12
10 5.9122688395026755 42
11 5.9122688395026755 43
12 5.9122688395026755 44
13 7.722920447590174 26
14 15.900198626525343 4
15 9.535278045671028 13
16 9.43189953787002 14
17 9.142977622574888 17
18 9.245565836229503 16
19 10.718623864446588 10
20 9.142977622574888 18
21 12.135134298068202 8
22 9.142977622574888 19
23 9.142977622574888 20
24 9.142977622574888 21
25 9.279973290081847 15
26 0.8702810675752908 70
27 1.6498726341506296 65
28 0.3585368387161705 78
29 1.1525898210572165 68
30 0.3585368387161705 79
31 7.642810412182312 28
32 6.195905712505514 38
33 5.948663848480337 40
34 5.257474631398921 47
35 0.31037589439680613 80
36 8.604454541086143 24
37 12.09680224944397 9
38 0.04478835095306865 91
39 0.04478835095306865 92
40 0.04478835095306865 93
41 7.644083560350929 27
42 0.25904555488994957 81
43 3.374204863892493 56
44 5.3900776732866245 46
45 15.068309050749896 6
46 0.8381380310702145 73
47 0.8177339212140902 75
48 0.06919267959055549 87
49 0.04713243013457729 90
50 13.283224915395921 7
51 1.4541848655375549 67
52 15.416432527918053 5
53 0.02801290127720949 94
54 6.512292353472302 37
55 7.594741993167049 29
56 6.959224045458002 33
57 10.262140712622394 11
58 1.8217919408983698 64
59 1.4763804360690815 66
60 1.8541668689175663 60
61 1.8463515284181846 61
62 1.8463515284181846 62
63 1.8463515284181846 63
64 2.192155267830675 59
65 7.971981807341218 25
66 4.609692886748505 49
67 4.618770790559946 48
68 7.00680557324249 32
69 4.521901255613435 51
70 4.521901255613435 52
71 4.521901255613435 53
72 4.581586211007066 50
73 4.521901255613435 54
74 0.9722162505525056 69
75 0.06172002496512693 88
76 0.06172002496512693 89
77 0.1051558796773969 83
78 8.639699450951394 23
79 6.947640610995031 34
80 0.10203385596268541 84
81 6.104989405682289 39
82 0.10203385596268541 85
83 6.749372731192876 35
84 0.10203385596268541 86
85 0.10946000977222581 82
86 6.569095547044499 36
87 7.146491091140108 31
88 0.8696434057789788 71
89 0.5824349422958255 76
90 0.5824349422958255 77
91 0.833545813588104 74
92 3.5864184916005795 55
93 2.7215915220034375 57
94 0.009991717333611025 96
95 0.009991717333611025 97
96 0.009991717333611025 98
97 0.009991717333611025 99
98 2.6875151668403476 58
99 0.8640739678261101 72
100 0.004373937555269128 100
