4 0.045929975737412664
3 0.04537322032442547
5 0.0414577906077842
14 0.03082119007019068
52 0.029883450408887582
45 0.029208642495494857
50 0.025748407895957028
21 0.023522931349052218
37 0.023448627915228674
19 0.020777145693379524
57 0.019892291716603276
9 0.01914070435067556
15 0.018483329920638
16 0.018282939427855593
25 0.017988443247668347
18 0.01792174730883616
17 0.01772288873440707
20 0.01772288873440707
22 0.01772288873440707
23 0.01772288873440707
24 0.01772288873440707
6 0.017191292404123027
78 0.016747326570050916
36 0.016679007293576506
65 0.015453012398868367
13 0.014970228020614058
41 0.014817409383361981
31 0.01481494149333028
55 0.014721764929084632
8 0.014616376827037253
87 0.013852868472190126
68 0.013582099911475841
56 0.013489867144695855
79 0.013467413636809908
83 0.013083088122913398
86 0.01273363605074327
54 0.012623527864876844
32 0.012010239123902323
81 0.011834005553561653
33 0.011530981684204952
7 0.011460433037885812
10 0.011460433037885812
11 0.011460433037885812
12 0.011460433037885812
2 0.011342701527517127
44 0.010448209633325954
34 0.010191169853263817
67 0.00895309648453127
66 0.008935499735875277
72 0.008881017322440331
69 0.008765323085045766
70 0.008765323085045766
71 0.008765323085045766
73 0.008765323085045766
92 0.006951968877700978
43 0.006540610711132907
93 0.0052755749511928145
98 0.00520952081916274
64 0.004249307556476977
60 0.003594145634974817
61 0.00357899625850144
62 0.00357899625850144
63 0.00357899625850144
58 0.0035313895755427183
27 0.003198138541736894
59 0.002861838591128347
51 0.0028188143551337555
29 0.0022341978727554177
74 0.0018845589637866743
26 0.00168696623408711
88 0.0016857301806335486
99 0.0016749342962699952
46 0.0016246596767398747
91 0.0016157580515976792
47 0.0015851080357283255
89 0.0011290008685849399
90 0.0011290008685849399
28 0.0006949933339072541
30 0.0006949933339072541
35 0.0006016374171861447
42 0.0005021378959871463
85 0.0002121789699310159
77 0.0002038357778203058
80 0.0001977839989353402
82 0.0001977839989353402
84 0.0001977839989353402
48 0.00013412415651013472
75 0.0001196390476162747
76 0.0001196390476162747
49 9.136222897394345e-05
38 8.681842976175443e-05
39 8.681842976175443e-05
40 8.681842976175443e-05
53 5.430063956823898e-05
1 4.40984467516321e-05
94 1.9368098870985094e-05
95 1.9368098870985094e-05
96 1.9368098870985094e-05
97 1.9368098870985094e-05
100 8.478507967894164e-06
