1 114
2 95
3 32
4 30
5 17
6 150
7 89
8 16
9 49
10 13
11 5
12 7
13 111
14 131
15 6
16 104
17 24
18 27
19 37
20 29
21 29
22 147
23 30
24 83
25 81
26 22
27 24
28 21
29 94
30 18
31 43
32 59
33 69
34 113
35 155
36 22
37 30
38 76
39 138
40 184
41 121
42 114
43 104
44 34
45 64
46 43
47 17
48 40
49 22
50 75
51 169
52 34
53 6
54 6
55 140
56 26
57 81
58 8
59 47
60 105
61 47
62 53
63 43
64 108
65 28
66 16
67 133
68 40
69 20
70 18
71 40
72 77
73 62
74 14
75 19
76 16
77 82
78 35
79 57
80 52
81 9
82 12
83 15
84 63
85 74
86 20
87 43
88 15
89 62
90 43
91 101
92 57
93 37
94 58
95 92
96 31
97 5
98 40
99 44
100 11
