1 3
2 63
3 144
4 81
5 47
6 34
7 24
8 55
9 46
10 20
11 20
12 20
13 41
14 84
15 34
16 29
17 27
18 32
19 67
20 27
21 51
22 27
23 27
24 27
25 30
26 21
27 41
28 13
29 32
30 15
31 74
32 68
33 27
34 10
35 5
36 81
37 40
38 20
39 20
40 20
41 36
42 24
43 26
44 48
45 115
46 29
47 19
48 14
49 8
50 45
51 22
52 45
53 19
54 41
55 61
56 33
57 105
58 25
59 10
60 14
61 10
62 10
63 10
64 26
65 73
66 26
67 25
68 28
69 24
70 22
71 22
72 29
73 22
74 22
75 7
76 7
77 12
78 57
79 36
80 19
81 27
82 19
83 44
84 19
85 24
86 47
87 60
88 17
89 8
90 8
91 13
92 63
93 51
94 15
95 15
96 15
97 15
98 24
99 12
100 3
