1 0.01597929681989963 50
2 12.377178262757234 6
3 12.645567145089279 5
4 2.3140900666698014 29
5 2.622804836608481 27
6 1.2744805953260094 34
7 16.286948268117854 1
8 3.8412140621301263 25
9 2.691870790696323 26
10 1.2744805953260094 35
11 1.2744805953260094 36
12 1.2744805953260094 37
13 10.113206756116055 10
14 15.439945708136456 2
15 6.513761208338161 12
16 6.469009073772293 13
17 6.029270943396549 16
18 6.068004824174301 15
19 15.040887872024113 3
20 6.029270943396549 17
21 6.681038795252051 11
22 6.029270943396549 18
23 6.029270943396549 19
24 6.029270943396549 20
25 6.261094891289495 14
26 1.0634986389017358 38
27 11.29011175943458 9
28 0.5302781578534316 40
29 1.3766093739001952 33
30 0.5302781578534316 41
31 2.440793482208323 28
32 12.196435760414248 7
33 4.8875938297634 23
34 1.9752299819523536 31
35 0.394269063217691 42
36 11.82337867183627 8
37 5.296779479673264 21
38 0.04281729881965505 46
39 0.04281729881965505 47
40 0.04281729881965505 48
41 5.278054344251388 22
42 0.27916251968579714 44
43 4.579325980840688 24
44 1.5735467858434584 32
45 13.386383222533306 4
46 0.5531847378133733 39
47 0.30335624393959215 43
48 0.11749140330041348 45
49 0.017992481370904218 49
50 2.184021447388287 30
