7 0.06707054285609418
14 0.06358254003547623
19 0.06193919806260176
45 0.05512585751700034
3 0.052075136433299425
2 0.050969896351596204
32 0.05022558885152002
36 0.04868931937762364
27 0.04649329709566009
13 0.0416467379881356
21 0.0275128827981452
15 0.026824024555503492
16 0.026639732820189437
25 0.0257835308566884
18 0.02498837541023273
17 0.024828867172844108
20 0.024828867172844108
22 0.024828867172844108
23 0.024828867172844108
24 0.024828867172844108
37 0.02181242730328633
41 0.021735316172513137
33 0.020127378439829126
43 0.018857914594794387
8 0.015818329384507994
9 0.011085270994805581
5 0.010800853622239018
31 0.010051320920063726
4 0.00952954933204161
50 0.008993919651137494
34 0.00813410498850237
44 0.00647995163971741
29 0.005668952617048118
6 0.005248380726756723
10 0.005248380726756723
11 0.005248380726756723
12 0.005248380726756723
26 0.004379545502547337
46 0.0022780449752810993
28 0.002183714427433945
30 0.002183714427433945
35 0.001623621544444811
47 0.0012492375873534608
42 0.0011496065089770938
48 0.0004838360182986986
38 0.00017632397599539573
39 0.00017632397599539573
40 0.00017632397599539573
49 7.409402136046468e-05
1 6.580361738283949e-05
