1 5.529481169612964e-05 299
2 5.529481169612964e-05 300
3 0.042927968808059665 277
4 1.0397962727907497 195
5 12.177802620596482 89
6 61.4705018800516 11
7 56.053685845619334 15
8 37.124369304270544 40
9 15.286679598311395 78
10 5.5900525469699645 123
11 37.178106489593496 39
12 19.014436239404215 66
13 5.5900525469699645 124
14 5.5900525469699645 125
15 5.5900525469699645 126
16 25.67913591901256 57
17 70.77947341440472 8
18 9.748149954852765 100
19 9.054023051452033 103
20 9.05026247712619 104
21 9.954108194003338 98
22 21.07818701823584 62
23 9.05026247712619 105
24 16.552220764308505 74
25 9.05026247712619 106
26 9.05026247712619 107
27 9.05026247712619 108
28 9.073691759446188 102
29 3.535054451919122 144
30 42.4846512937358 31
31 0.21571546448557558 237
32 9.937334707761687 99
33 0.268298329107208 233
34 32.68236357277703 46
35 55.54644461751196 16
36 33.89870613539015 44
37 4.683977188603561 132
38 0.008227930248213632 292
39 104.46727320691015 2
40 53.75678240182942 18
41 0.12287490905956581 256
42 0.12287490905956581 257
43 0.12287490905956581 258
44 43.48331045742329 30
45 0.30626482390307386 229
46 45.87120491155461 25
47 31.121551653297512 51
48 106.35748619231208 1
49 39.648742069331156 35
50 21.02484569471029 63
51 0.30135909207736394 230
52 0.2726402425194192 232
53 66.05275553597234 9
54 5.251547556215595 128
55 0.0758348738315765 273
56 14.25379507795243 84
57 5.738307200671456 122
58 14.571597178387577 82
59 97.60941645645987 3
60 4.3461385047785095 135
61 3.738617590544103 138
62 5.853719874885197 121
63 3.656670008440231 139
64 3.656670008440231 140
65 3.656670008440231 141
66 11.874133075604313 90
67 46.27101201230481 23
68 3.4060941602299595 145
69 1.2264256178563364 185
70 2.9947633288065343 154
71 1.213095873469046 186
72 1.17627740808303 188
73 1.17627740808303 189
74 1.1768177412709295 187
75 1.17627740808303 190
76 20.15466883030937 64
77 0.045705354133016296 275
78 0.045705354133016296 276
79 0.1396691954728065 249
80 9.397184643616724 101
81 8.882174120421862 109
82 0.08742210952093846 267
83 1.139283148533903 191
84 0.08742210952093846 268
85 24.508687874650228 59
86 0.08742210952093846 269
87 0.09439793908529177 266
88 10.631598053305018 95
89 84.50790019016013 5
90 2.67684001765635 157
91 1.0959371918798695 192
92 1.0959371918798695 193
93 3.5696565117204075 142
94 52.64517609719896 20
95 17.239381413542677 72
96 0.011296982252880365 288
97 0.011296982252880365 289
98 0.011296982252880365 290
99 0.011296982252880365 291
100 24.619948558473645 58
101 8.389442798292952 110
102 0.1273774323870126 251
103 0.1273774323870126 252
104 0.1273774323870126 253
105 17.027894779047866 73
106 45.43940313846403 26
107 2.4062086522526793 161
108 77.9347033366728 6
109 2.4062086522526793 162
110 8.11565418004603 112
111 6.417355215925873 119
112 89.34908335920534 4
113 3.0258650230212596 153
114 0.13944122926630273 250
115 0.1613728773654176 246
116 38.68367252156327 36
117 0.1515859214560751 247
118 0.07994475636334855 271
119 0.07994475636334855 272
120 0.09993790611843158 265
121 0.16443109441350987 244
122 13.060881251623584 86
123 60.89320322616842 13
124 3.8081057746131024 136
125 0.20909578087238645 238
126 0.2818037467312412 231
127 0.20909578087238645 239
128 1.059599412617996 194
129 36.38434060133988 41
130 0.6714742441642857 204
131 0.9327158866300486 198
132 0.6714742441642857 205
133 41.96765349940672 32
134 35.01040328540838 43
135 3.554275746665075 143
136 0.3160929981214463 227
137 10.667299477604343 94
138 18.45154765193882 68
139 48.86439863614785 22
140 35.40396188082346 42
141 0.2502487105229957 234
142 0.2502487105229957 235
143 0.32635839776658104 223
144 6.325061109945054 120
145 19.067565510281927 65
146 0.3693777425071268 219
147 1.8901006447356192 173
148 32.209397592341574 48
149 0.3340978337747246 221
150 10.19298970824537 97
151 41.61565555452516 33
152 61.25384078552728 12
153 2.4986153673332274 159
154 0.3176565347989229 224
155 0.3176565347989229 225
156 0.3176565347989229 226
157 46.132253581730176 24
158 45.2880741319833 28
159 18.549985882386643 67
160 7.7137791901692925 113
161 15.169365435609182 79
162 4.457050113319236 134
163 30.364259538350424 52
164 6.776399941321026 117
165 6.644227687272704 118
166 7.259848523942935 116
167 2.4908889343555876 160
168 0.14977512861208325 248
169 0.08669454506728559 270
170 0.17563375818110863 242
171 1.87214637296896 174
172 21.661210520042076 61
173 2.8869877634105285 156
174 18.00531608256442 70
175 1.8952435995369394 167
176 1.8952435995369394 168
177 1.8952435995369394 169
178 1.8952435995369394 170
179 1.8952435995369394 171
180 1.8952435995369394 172
181 18.006827168700568 69
182 0.9138980254254687 199
183 0.03926531249017621 278
184 2.065776068659336 164
185 0.03926531249017621 279
186 32.56695430955913 47
187 16.42010354399165 75
188 1.7284464836929818 177
189 4.506205917009241 133
190 1.7284464836929818 178
191 17.43704365996085 71
192 12.581583214497181 88
193 0.005706677901903056 295
194 12.84438477172943 87
195 0.3113022585402948 228
196 0.005706677901903056 296
197 0.06600976790820029 274
198 0.4445425838861751 215
199 3.269349165538602 152
200 1.7269932273119644 179
201 2.890099359354615 155
202 54.413684606038395 17
203 0.6460321688205111 208
204 0.007878290240044333 293
205 14.991914375842772 80
206 0.007878290240044333 294
207 0.03752987943746529 280
208 14.719671996888701 81
209 45.21702412219826 29
210 5.3306424658984515 127
211 4.786163215989054 130
212 4.7767504226604025 131
213 0.8045659517569592 201
214 1.5888749952908408 180
215 0.9832406426611067 197
216 0.029279049281402295 281
217 0.5906761855965422 213
218 1.0173960346111033 196
219 1.9888549049357904 165
220 28.122851996756367 54
221 63.016541941505935 10
222 33.50692639962152 45
223 2.0829216801159176 163
224 0.6615977068077603 206
225 0.6772974665378394 203
226 0.6615977068077603 207
227 5.09279645761903 129
228 45.31850983728594 27
229 39.674161160034636 34
230 3.3171302366544 146
231 8.223180087469144 111
232 16.16801846972772 76
233 3.3171302366544 147
234 3.3171302366544 148
235 3.3171302366544 149
236 3.3171302366544 150
237 3.3171302366544 151
238 59.001436584918345 14
239 29.957291306816984 53
240 0.12183596363807526 259
241 0.12183596363807526 260
242 0.1229552420117481 255
243 0.12183596363807526 261
244 0.12183596363807526 262
245 0.23375820240131048 236
246 3.7771707353812713 137
247 52.4838449847585 21
248 0.4213921624686482 217
249 0.00011378479013471819 297
250 0.19605053567216604 241
251 0.00011378479013471819 298
252 14.277334029431602 83
253 13.447521145784929 85
254 1.8145756171461973 176
255 0.6039861021868684 209
256 0.6039861021868684 210
257 0.6039861021868684 211
258 0.6030321075143542 212
259 0.10488548354865013 263
260 1.3003278016927748 181
261 0.10035284044922951 264
262 0.816703956791489 200
263 11.869224114030441 91
264 0.4422038969779743 216
265 0.7735094534285669 202
266 1.251116888019258 182
267 22.674723790315483 60
268 15.307683950033242 77
269 0.3566880044798888 220
270 0.16222074267623623 245
271 0.4743634625426957 214
272 31.70125211957676 49
273 37.336761983617954 38
274 2.5008025244387575 158
275 7.545642135058696 114
276 1.843573176673139 175
277 37.606804617150445 37
278 1.243253212671796 183
279 26.43845375896611 56
280 1.243253212671796 184
281 27.946432400396937 55
282 53.563444911013406 19
283 7.528030256755994 115
284 1.9220371305960646 166
285 10.538830308413006 96
286 31.451127644853894 50
287 0.12303342222590223 254
288 0.015688825040304104 287
289 0.3307040728646824 222
290 0.3799486780491934 218
291 11.390525060984922 92
292 0.17560808354812907 243
293 0.028012020682378274 282
294 0.025440035332600842 283
295 0.025440035332600842 284
296 0.025440035332600842 285
297 11.239681482424544 93
298 0.025440035332600842 286
299 74.84372692284646 7
300 0.20412317770076227 240
