48 0.027498676057275143
39 0.027009962414017
59 0.025236866903966655
112 0.02310116182011512
89 0.021849476278593457
108 0.020149979445733806
299 0.01935080900510494
17 0.01829999824749452
53 0.01707790765089918
221 0.016292896110442507
6 0.015893168208406257
152 0.01583715058834173
123 0.01574390792368375
238 0.015254792583465642
7 0.014492653070963361
35 0.014361506099424395
202 0.014068631552259719
40 0.013898789808518332
282 0.013848802494789774
94 0.013611384541915978
247 0.013569672461668628
139 0.012633866377768104
67 0.011963347534069774
157 0.011927471609683141
46 0.011859977603634893
106 0.011748335466308473
228 0.011717078562393126
158 0.011709209425667024
209 0.011690839480373166
44 0.011242588659951234
30 0.01098438582142028
133 0.01085071629445464
151 0.010759707397895892
229 0.010257734971389165
49 0.010251162877915072
116 0.010001644618158303
277 0.009723220947948755
273 0.009653401557071686
11 0.009612381256657695
8 0.00959848753366434
129 0.009407153474318673
140 0.009153677035432364
134 0.00905192265299701
36 0.00876449389836406
222 0.008663199439220618
34 0.008450009123465425
186 0.00842017011488356
148 0.008327724000455002
272 0.008196343236901937
286 0.008131673676247191
47 0.008046461964758665
163 0.007850664458676163
239 0.007745443021378323
220 0.0072711496346121495
281 0.00722553643422425
279 0.006835649293727001
16 0.006639328037434448
100 0.0063654756631995515
85 0.006336709267791908
267 0.005862538750404823
172 0.005600495389878194
22 0.0054497549485240365
50 0.005435963575404864
76 0.005210979772539974
145 0.004929909740627319
12 0.0049161731936165735
159 0.004796089780877592
138 0.0047706386245213615
181 0.004655656361002167
174 0.00465526567042043
191 0.004508339113382378
95 0.004457233636207237
105 0.004402553870253568
24 0.0042795685862978185
187 0.004245409743576473
232 0.004180233270868913
268 0.003957794201415991
9 0.003952363536547251
161 0.003922032017135015
205 0.0038761521323875197
208 0.003805763998407149
58 0.003767479326476866
252 0.003691397733178368
56 0.0036853117487815274
253 0.0034768500178037017
122 0.003376884462194975
194 0.0033209094031625996
192 0.003252962189022826
5 0.0031485649138765083
66 0.0030700513014816017
263 0.0030687820918666488
291 0.002945014685735771
297 0.002906014152245804
137 0.0027580250647348007
88 0.0027487944789364926
285 0.0027248094238484406
150 0.0026353925057551763
21 0.0025736298070361103
32 0.0025692930303688214
18 0.002520379404995884
80 0.0024296374953613345
28 0.002345998568313412
19 0.0023409132334774757
20 0.0023399409388240584
23 0.0023399409388240584
25 0.0023399409388240584
26 0.0023399409388240584
27 0.0023399409388240584
81 0.002296481776375876
101 0.002169086333933808
231 0.0021260991913354824
110 0.00209829842054022
160 0.0019943938383826555
275 0.0019509220849853405
283 0.0019463685424605532
166 0.0018770302865547073
164 0.00175203489187388
165 0.0017178618202081698
111 0.0016592040536584853
144 0.0016353414576793614
62 0.0015134764117914691
57 0.0014836365212982986
10 0.0014453053530648816
13 0.0014453053530648816
14 0.0014453053530648816
15 0.0014453053530648816
210 0.0013782350034283871
54 0.0013577850531990678
227 0.0013167400342696993
211 0.0012374601595580275
212 0.0012350264864447813
37 0.0012110400121358457
189 0.0011650773367767938
162 0.001152368127764818
60 0.0011236919856008522
124 0.0009845838862586236
246 0.00097658564698925
61 0.0009666177502400775
63 0.0009454302429509646
64 0.0009454302429509646
65 0.0009454302429509646
93 0.0009229329459146027
135 0.0009189562566291408
29 0.0009139866002697882
68 0.0008806439799017231
230 0.0008576424009553666
233 0.0008576424009553666
234 0.0008576424009553666
235 0.0008576424009553666
236 0.0008576424009553666
237 0.0008576424009553666
199 0.0008452886283783505
113 0.0007823359223689093
70 0.0007742945945351853
201 0.0007472337764031853
173 0.0007464292747930884
90 0.000692095677868733
274 0.0006465812700613468
153 0.0006460157816610043
167 0.0006440181161920575
107 0.0006221240706541999
109 0.0006221240706541999
223 0.0005385383820619402
184 0.0005341053926022616
219 0.0005142174633279863
284 0.0004969417604393913
175 0.0004900143060833041
176 0.0004900143060833041
177 0.0004900143060833041
178 0.0004900143060833041
179 0.0004900143060833041
180 0.0004900143060833041
147 0.0004886845976337926
171 0.0004840425294462941
276 0.0004766549435133303
254 0.00046915763867442974
188 0.00044688899332828773
190 0.00044688899332828773
200 0.00044651325460146686
214 0.0004108028532378534
260 0.00033619911740263565
266 0.0003234756597313656
278 0.0003214425103147985
280 0.0003214425103147985
69 0.00031709174390220484
71 0.00031364534500772935
74 0.0003042656516641392
72 0.0003041259487825745
73 0.0003041259487825745
75 0.0003041259487825745
83 0.0002945611010624924
91 0.0002833540251612559
92 0.0002833540251612559
128 0.0002739589100984926
4 0.00026883881797783345
218 0.0002630472473478722
215 0.0002542163874576343
131 0.00024115323648715421
182 0.00023628788767268672
262 0.00021115840874516044
213 0.0002080201334777046
265 0.00019999049101829586
225 0.0001751149288453516
130 0.0001736093375476193
132 0.0001736093375476193
224 0.00017105576364268905
226 0.00017105576364268905
203 0.00016703130140601464
255 0.0001561603114340392
256 0.0001561603114340392
257 0.0001561603114340392
258 0.0001559136565778648
217 0.00015271903900677502
271 0.00012264644132602538
198 0.00011493626772868961
264 0.00011433160137194892
248 0.00010895073758933593
290 9.823554495423871e-05
146 9.550243473792525e-05
269 9.222150917494474e-05
149 8.638083158336811e-05
289 8.550337635927276e-05
143 8.437980418724173e-05
154 8.212994177125953e-05
155 8.212994177125953e-05
156 8.212994177125953e-05
136 8.172569012770473e-05
195 8.048704675117132e-05
45 7.918462048849937e-05
51 7.791624592335464e-05
126 7.286022094464427e-05
52 7.049100141067804e-05
33 6.936840182069484e-05
141 6.470168176013266e-05
142 6.470168176013266e-05
245 6.0438068947414035e-05
31 5.5773127880322755e-05
125 5.4061611918469396e-05
127 5.4061611918469396e-05
300 5.277594779953165e-05
250 5.068877014972031e-05
170 4.54100223110878e-05
292 4.5403384147283155e-05
121 4.251357907091239e-05
270 4.194209370987237e-05
115 4.172287854827815e-05
117 3.919246588272102e-05
168 3.872428627819626e-05
79 3.6111402205786316e-05
114 3.605246165454653e-05
102 3.293337286934783e-05
103 3.293337286934783e-05
104 3.293337286934783e-05
287 3.1810231165961836e-05
242 3.179001770981427e-05
41 3.1769247664302004e-05
42 3.1769247664302004e-05
43 3.1769247664302004e-05
240 3.150062883351186e-05
241 3.150062883351186e-05
243 3.150062883351186e-05
244 3.150062883351186e-05
259 2.7118090493412517e-05
261 2.5946177836048295e-05
120 2.5838896767680214e-05
87 2.440654099972951e-05
82 2.2602943676320973e-05
84 2.2602943676320973e-05
86 2.2602943676320973e-05
169 2.2414832242532362e-05
118 2.0669677673073983e-05
119 2.0669677673073983e-05
55 1.9607069553789354e-05
197 1.70667932207552e-05
77 1.181709696592759e-05
78 1.181709696592759e-05
3 1.1099005348012567e-05
183 1.0152027347681738e-05
185 1.0152027347681738e-05
207 9.703331980349567e-06
216 7.570083877297153e-06
293 7.242494252464678e-06
294 6.5775086977130135e-06
295 6.5775086977130135e-06
296 6.5775086977130135e-06
298 6.5775086977130135e-06
288 4.056338043967177e-06
96 2.92082923843304e-06
97 2.92082923843304e-06
98 2.92082923843304e-06
99 2.92082923843304e-06
38 2.1273273430736352e-06
204 2.0369280898990565e-06
206 2.0369280898990565e-06
193 1.4754587815651656e-06
196 1.4754587815651656e-06
249 2.9419001860405222e-08
251 2.9419001860405222e-08
1 1.429644653062332e-08
2 1.429644653062332e-08
