1 10
2 10
3 20
4 53
5 93
6 288
7 198
8 98
9 52
10 25
11 110
12 48
13 20
14 20
15 20
16 67
17 198
18 46
19 29
20 27
21 53
22 140
23 27
24 87
25 27
26 27
27 27
28 30
29 43
30 88
31 17
32 54
33 20
34 127
35 148
36 87
37 10
38 5
39 253
40 60
41 20
42 20
43 20
44 55
45 26
46 51
47 87
48 336
49 52
50 27
51 16
52 8
53 102
54 31
55 23
56 86
57 110
58 46
59 259
60 31
61 10
62 15
63 10
64 10
65 10
66 35
67 200
68 30
69 25
70 31
71 28
72 22
73 22
74 31
75 22
76 46
77 7
78 7
79 16
80 120
81 53
82 19
83 33
84 19
85 62
86 19
87 26
88 99
89 160
90 25
91 8
92 8
93 14
94 177
95 109
96 15
97 15
98 15
99 15
100 81
101 28
102 7
103 7
104 7
105 111
106 33
107 16
108 103
109 16
110 32
111 85
112 196
113 98
114 26
115 30
116 88
117 27
118 13
119 13
120 19
121 18
122 39
123 157
124 50
125 13
126 19
127 13
128 46
129 114
130 12
131 14
132 10
133 67
134 192
135 28
136 9
137 54
138 46
139 108
140 62
141 10
142 10
143 12
144 106
145 79
146 22
147 23
148 47
149 12
150 47
151 109
152 144
153 31
154 10
155 10
156 10
157 139
158 76
159 66
160 33
161 49
162 21
163 49
164 41
165 78
166 55
167 73
168 73
169 40
170 56
171 66
172 83
173 31
174 51
175 26
176 26
177 26
178 26
179 26
180 26
181 110
182 34
183 9
184 24
185 9
186 129
187 115
188 16
189 29
190 16
191 98
192 37
193 9
194 36
195 15
196 9
197 6
198 16
199 27
200 20
201 26
202 176
203 23
204 16
205 56
206 16
207 20
208 53
209 132
210 31
211 23
212 18
213 48
214 52
215 37
216 12
217 33
218 14
219 20
220 87
221 169
222 49
223 36
224 24
225 29
226 24
227 28
228 109
229 106
230 32
231 45
232 56
233 32
234 32
235 32
236 32
237 32
238 108
239 34
240 13
241 13
242 19
243 13
244 13
245 23
246 28
247 178
248 14
249 8
250 11
251 8
252 61
253 61
254 36
255 18
256 18
257 18
258 35
259 20
260 29
261 12
262 16
263 53
264 29
265 40
266 63
267 84
268 139
269 40
270 21
271 35
272 43
273 52
274 56
275 69
276 34
277 92
278 28
279 66
280 28
281 73
282 121
283 55
284 19
285 26
286 78
287 26
288 32
289 58
290 61
291 86
292 26
293 17
294 15
295 12
296 12
297 27
298 12
299 143
300 4
