1 256
2 234
3 51
4 40
5 17
6 378
7 226
8 21
9 126
10 15
11 5
12 7
13 291
14 289
15 6
16 235
17 24
18 30
19 50
20 37
21 34
22 362
23 38
24 209
25 177
26 22
27 24
28 29
29 173
30 19
31 72
32 99
33 130
34 260
35 414
36 24
37 41
38 169
39 315
40 505
41 255
42 256
43 229
44 58
45 148
46 78
47 17
48 110
49 30
50 172
51 465
52 67
53 6
54 6
55 368
56 63
57 229
58 10
59 89
60 292
61 81
62 118
63 79
64 296
65 42
66 25
67 344
68 59
69 19
70 18
71 76
72 147
73 151
74 19
75 28
76 22
77 164
78 51
79 136
80 125
81 16
82 18
83 76
84 107
85 148
86 23
87 76
88 18
89 108
90 68
91 247
92 109
93 53
94 99
95 233
96 76
97 5
98 74
99 71
100 16
101 36
102 345
103 149
104 2
105 189
106 18
107 10
108 270
109 73
110 200
111 85
112 26
113 23
114 31
115 23
116 26
117 27
118 52
119 36
120 22
121 46
122 345
123 47
124 12
125 28
126 209
127 30
128 7
129 122
130 48
131 66
132 171
133 41
134 38
135 173
136 74
137 358
138 58
139 8
140 136
141 78
142 60
143 20
144 37
145 85
146 132
147 5
148 63
149 261
150 63
151 54
152 40
153 136
154 40
155 202
156 112
157 77
158 17
159 304
160 89
161 119
162 38
163 35
164 129
165 148
166 189
167 53
168 9
169 248
170 58
171 18
172 18
173 18
174 18
175 28
176 29
177 36
178 43
179 162
180 123
181 175
182 108
183 50
184 33
185 28
186 28
187 28
188 86
189 62
190 64
191 26
192 18
193 18
194 18
195 18
196 18
197 18
198 64
199 21
200 18
201 81
202 5
203 145
204 149
205 106
206 57
207 24
208 70
209 34
210 150
211 80
212 20
213 20
214 51
215 26
216 20
217 83
218 143
219 78
220 55
221 154
222 23
223 33
224 25
225 53
226 23
227 35
228 397
229 159
230 49
231 25
232 20
233 37
234 28
235 86
236 168
237 19
238 200
239 49
240 10
241 22
242 249
243 146
244 19
245 19
246 19
247 65
248 95
249 212
250 38
251 19
252 31
253 48
254 91
255 50
256 56
257 29
258 32
259 110
260 46
261 138
262 57
263 66
264 20
265 27
266 18
267 92
268 73
269 16
270 16
271 16
272 16
273 16
274 16
275 62
276 39
277 8
278 73
279 116
280 104
281 210
282 190
283 117
284 34
285 35
286 25
287 69
288 56
289 243
290 120
291 40
292 25
293 29
294 180
295 20
296 18
297 19
298 18
299 33
300 263
