1 1 1 9
1 2 1 6
1 2 1 7
1 2 1 9
1 3 1 5
1 3 1 9
1 4 1 7
1 4 1 11
1 4 1 15
1 5 1 3
1 5 1 11
1 5 1 15
1 6 1 2
1 7 1 2
1 7 1 4
1 7 1 8
1 7 1 16
1 8 1 7
1 9 1 1
1 9 1 2
1 9 1 3
1 9 1 13
1 9 1 14
1 9 1 16
1 10 1 14
1 11 1 4
1 11 1 5
1 11 1 15
1 13 1 9
1 13 1 15
1 13 1 16
1 14 1 9
1 14 1 10
1 15 1 4
1 15 1 5
1 15 1 11
1 15 1 13
1 16 1 7
1 16 1 9
1 16 1 13
2 3 2 5
2 3 2 6
2 3 2 9
2 3 2 11
2 4 2 7
2 4 2 8
2 4 2 11
2 5 2 3
2 5 2 8
2 5 2 11
2 6 2 3
2 6 2 9
2 7 2 4
2 7 2 8
2 8 2 4
2 8 2 5
2 8 2 7
2 8 2 11
2 9 2 3
2 9 2 6
2 9 2 10
2 9 2 14
2 9 2 16
2 10 2 9
2 11 2 3
2 11 2 4
2 11 2 5
2 11 2 8
2 14 2 9
2 16 2 9
