1 0.0 193
2 0.0 194
3 0.0 195
4 0.0 196
5 0.0 197
6 0.0 198
7 0.0 199
8 0.0 200
9 0.029198717300181126 190
10 0.9508931540598602 132
11 5.043326738143175 66
12 33.88702324479195 20
13 17.884220768560755 26
14 8.399911155431889 44
15 39.250997111623086 16
16 4.554149167961101 69
17 43.14113847633903 11
18 11.874135513744147 34
19 4.554149167961101 70
20 4.554149167961101 71
21 4.554149167961101 72
22 10.07335364837498 37
23 51.514179414899026 4
24 4.07229078036775 76
25 2.362869500334028 96
26 2.357586916167341 98
27 3.997215445123349 78
28 21.679986002474354 25
29 2.357586916167341 99
30 34.21943602472903 19
31 2.357586916167341 100
32 2.357586916167341 101
33 2.357586916167341 102
34 13.21302997847545 31
35 12.954118015303477 32
36 47.831969433813185 8
37 0.4980613761998942 144
38 6.834605421534807 59
39 0.4980613761998942 145
40 38.13167385831034 18
41 57.366021356225794 3
42 4.364198160688245 73
43 1.673847192971523 115
44 0.09467801565563755 171
45 48.90916172028113 6
46 30.100999254895978 21
47 0.14715669115088686 157
48 0.14715669115088686 158
49 0.14715669115088686 159
50 24.915061435328646 24
51 0.3022311849338604 148
52 27.560447304754394 23
53 41.01614573434016 13
54 62.069010852790164 1
55 9.134172548020079 40
56 7.404263898273732 48
57 0.14994819208464547 156
58 0.1328914234981409 164
59 15.276685444009685 27
60 2.358709427846275 97
61 0.05409786026542735 182
62 15.147377331685592 28
63 9.150779714290499 39
64 8.946990401355583 41
65 58.0696819979269 2
66 7.234882394445749 50
67 6.872430703052048 54
68 0.7537766179703734 136
69 0.7436015470873875 137
70 0.7436015470873875 138
71 0.7436015470873875 139
72 8.8421034979298 42
73 28.347658687235196 22
74 7.140682597780893 51
75 6.874855239843006 53
76 7.26168170095776 49
77 7.077363317529743 52
78 6.85605103009139 56
79 6.85605103009139 57
80 6.863863397328652 55
81 6.85605103009139 58
82 3.9732850789532375 79
83 0.07690089184660008 176
84 0.07690089184660008 177
85 0.10663132615439448 169
86 12.03830528357393 33
87 4.9621474430784325 67
88 0.158582812154619 153
89 2.963431527819278 91
90 0.158582812154619 154
91 5.778362849634798 63
92 0.158582812154619 155
93 0.1605853629333062 152
94 10.579568303870857 36
95 8.330335716970696 45
96 1.5074682138499567 118
97 1.290950840999684 121
98 1.290950840999684 122
99 1.3557128966244216 120
100 44.562157248084375 9
101 40.68978084498697 14
102 0.05231743892767018 183
103 0.05231743892767018 184
104 0.05231743892767018 185
105 0.05231743892767018 186
106 3.1099170041026536 89
107 2.2719373349178773 105
108 0.08807431535113783 172
109 0.08807431535113783 173
110 0.08807431535113783 174
111 5.074514870009823 65
112 0.7325942525281268 140
113 0.10971617924816926 167
114 41.45831117757035 12
115 0.10971617924816926 168
116 0.5260549930158097 142
117 13.984165720036982 29
118 38.26844787608398 17
119 3.335782555713099 86
120 0.07009110408308898 178
121 0.3472169217399915 147
122 9.90822411442615 38
123 0.08348536963583032 175
124 0.04462795497060076 187
125 0.04462795497060076 188
126 0.063278311207643 181
127 0.26643925533165685 149
128 0.9706006421750928 131
129 44.19151761353111 10
130 0.4550304387447929 146
131 0.13465632392328566 161
132 0.19256078363054926 150
133 0.13465632392328566 162
134 0.7952865956642986 135
135 13.638471572665718 30
136 3.510495198656412 84
137 4.081830301333013 75
138 3.510495198656412 85
139 5.572035993519666 64
140 50.14754084644835 5
141 0.6120092228311376 141
142 0.1651802157163827 151
143 1.4700581331303693 119
144 2.3263351398769143 103
145 6.09241948951599 60
146 4.014249216814281 77
147 1.6873441681531367 113
148 1.6873441681531367 114
149 2.019741237671591 110
150 2.7545421873311517 95
151 2.267002984740183 106
152 0.1276516549532484 165
153 1.5078879441625415 117
154 3.5781766183184938 82
155 0.1368457814635536 160
156 1.7154809365706516 112
157 6.035626246718399 61
158 48.88749305347239 7
159 3.2845479014748498 88
160 2.8122272060303746 92
161 2.8122272060303746 93
162 2.8122272060303746 94
163 8.07133192644379 46
164 3.800726196075037 81
165 2.2768681827828017 104
166 5.873754478224892 62
167 3.858137146231395 80
168 3.0751711024486164 90
169 4.106113742097199 74
170 2.1676794952762553 109
171 3.3300472624131445 87
172 2.245520551877026 107
173 3.555181096635389 83
174 0.10972983372075695 166
175 0.09634936928025711 170
176 0.1334145627462283 163
177 2.1841348557552727 108
178 7.82024458052854 47
179 1.8655192024902465 111
180 1.6109088837076957 116
181 1.2820754375270356 123
182 1.2820754375270356 124
183 1.2820754375270356 125
184 1.2820754375270356 126
185 1.2820754375270356 127
186 1.2820754375270356 128
187 11.081697066418398 35
188 0.8476437332073369 133
189 0.013282620425366707 191
190 0.8093148509982688 134
191 0.013282620425366707 192
192 8.560074170774742 43
193 4.92715642620848 68
194 0.06907622335036426 179
195 0.5242578691904085 143
196 0.06907622335036426 180
197 39.25322272381074 15
198 1.1840192147920972 129
199 0.041559304326986964 189
200 1.0650106414287235 130
