54 0.038987362603493975
65 0.03647526708122159
41 0.03603327723458341
23 0.03235756401585753
140 0.031499138326708476
45 0.030721276147673785
158 0.030707665423765032
36 0.03004466014092257
100 0.027990795392978038
129 0.027757985789135204
17 0.027098211906319867
114 0.026041178820167446
53 0.025763441762187967
101 0.025558442421817623
197 0.024656098214913377
15 0.024654700242750096
118 0.0240375323066829
40 0.023951620542464122
30 0.02149422943999119
12 0.021285431242510977
46 0.018907318749794077
73 0.017805994215382974
52 0.01731152370276005
50 0.015649879402320478
28 0.013617833825672212
13 0.011233602572441707
59 0.009595733307200758
62 0.00951451109673716
117 0.008783863833878445
135 0.008566723220740041
34 0.008299490901883796
35 0.008136860718932937
86 0.0075616119344224415
18 0.007458492096407524
187 0.006960738311348616
94 0.006645336537256953
22 0.0063273682942019994
122 0.006223645600249649
63 0.005747872600578154
55 0.0057374411533179905
64 0.005619866567793868
72 0.005553984033498015
192 0.005376833157536868
14 0.005276230079301087
95 0.005232527709788271
163 0.005069839847387804
178 0.004912124535578436
56 0.004650834892449092
76 0.004561274840642484
66 0.004544441411751794
74 0.0044852717620459445
77 0.004445499068635399
75 0.00431829781721487
67 0.0043167748946853195
80 0.004311393519177899
78 0.0043064863426322125
79 0.0043064863426322125
81 0.0043064863426322125
38 0.004293015728141012
145 0.003826827018940259
157 0.003791153520684754
166 0.0036894771245763484
91 0.0036295588503508997
139 0.003499958912416043
111 0.0031874513312789734
11 0.0031678611527131435
87 0.00311687006119903
193 0.003094891179244405
16 0.0028605944016541116
19 0.0028605944016541116
20 0.0028605944016541116
21 0.0028605944016541116
42 0.002741280613731666
169 0.0025791702357560085
137 0.0025639170957860607
24 0.0025579250434264954
146 0.0025214674383633225
27 0.0025107680277509227
82 0.002495736664268729
167 0.0024234088771107128
164 0.0023873473787816087
154 0.002247557474511549
173 0.0022331133142164537
136 0.0022050447936482575
138 0.0022050447936482575
119 0.0020953026684192794
171 0.0020917001628138164
159 0.002063120682349149
106 0.001953429903906249
168 0.001931604985993764
89 0.0018614180883232598
160 0.0017664422277479924
161 0.0017664422277479924
162 0.0017664422277479924
150 0.001730208578944568
25 0.0014841874991812962
60 0.0014815744358779113
26 0.0014808693534341607
29 0.0014808693534341607
31 0.0014808693534341607
32 0.0014808693534341607
33 0.0014808693534341607
144 0.0014612391979427531
165 0.0014301675541929647
107 0.0014270703443130068
151 0.0014239709345278784
172 0.0014104771896117955
177 0.0013719190369928852
170 0.0013615829433939678
149 0.0012686585933371977
179 0.0011717872186454968
156 0.0010775437918945814
147 0.0010598702640307993
148 0.0010598702640307993
43 0.0010513924188351677
180 0.0010118590244535593
153 0.0009471485566917067
96 0.0009468849117960077
143 0.0009233865450264821
99 0.0008515629548582289
97 0.0008108840120025479
98 0.0008108840120025479
181 0.0008053091112801708
182 0.0008053091112801708
183 0.0008053091112801708
184 0.0008053091112801708
185 0.0008053091112801708
186 0.0008053091112801708
198 0.0007437171274742268
200 0.0006689643589204197
128 0.0006096626748155016
10 0.0005972838246518521
188 0.000532429841092726
190 0.0005083543482124593
134 0.0004995427904014762
68 0.00047346915833000174
69 0.00046707789846326916
70 0.00046707789846326916
71 0.00046707789846326916
112 0.00046016389454457983
141 0.0003844209076215286
116 0.000330430539818469
195 0.00032930171373824564
37 0.00031284692966599136
39 0.00031284692966599136
130 0.0002858179382469201
121 0.00021809711229412178
51 0.00018984025418169486
127 0.00016735829549558971
132 0.00012095306484620243
142 0.00010375452865410814
93 0.00010086836712032201
88 9.96105063574728e-05
90 9.96105063574728e-05
92 9.96105063574728e-05
57 9.418684873853828e-05
47 9.243342528910455e-05
48 9.243342528910455e-05
49 9.243342528910455e-05
155 8.595684109308189e-05
131 8.458157872214073e-05
133 8.458157872214073e-05
176 8.380159217794239e-05
58 8.347299310286327e-05
152 8.018174110107754e-05
174 6.89245205765985e-05
113 6.891594380267185e-05
115 6.891594380267185e-05
85 6.697825727451444e-05
175 6.051985918796815e-05
44 5.947003305240669e-05
108 5.532205558734031e-05
109 5.532205558734031e-05
110 5.532205558734031e-05
123 5.243960445573183e-05
83 4.8303701215188536e-05
84 4.8303701215188536e-05
120 4.402627418451581e-05
194 4.33887978886573e-05
196 4.33887978886573e-05
126 3.9746959555071016e-05
61 3.398044958769557e-05
102 3.28621148288774e-05
103 3.28621148288774e-05
104 3.28621148288774e-05
105 3.28621148288774e-05
124 2.8032124868524448e-05
125 2.8032124868524448e-05
199 2.6104615573591998e-05
9 1.834056904240002e-05
189 8.343202698630863e-06
191 8.343202698630863e-06
1 0.0
2 0.0
3 0.0
4 0.0
5 0.0
6 0.0
7 0.0
8 0.0
