1 7
2 7
3 7
4 9
5 9
6 9
7 9
8 9
9 13
10 35
11 72
12 212
13 142
14 71
15 40
16 24
17 74
18 46
19 20
20 20
21 20
22 51
23 142
24 39
25 29
26 27
27 41
28 92
29 27
30 73
31 27
32 27
33 27
34 30
35 31
36 62
37 14
38 45
39 18
40 101
41 109
42 60
43 10
44 5
45 185
46 56
47 20
48 20
49 20
50 47
51 26
52 36
53 66
54 235
55 36
56 22
57 16
58 8
59 84
60 30
61 19
62 67
63 79
64 44
65 190
66 28
67 10
68 14
69 10
70 10
71 10
72 31
73 153
74 27
75 25
76 31
77 26
78 22
79 22
80 30
81 22
82 33
83 7
84 7
85 15
86 85
87 43
88 19
89 28
90 19
91 51
92 19
93 23
94 70
95 117
96 20
97 8
98 8
99 14
100 122
101 82
102 15
103 15
104 15
105 15
106 57
107 22
108 7
109 7
110 7
111 85
112 31
113 16
114 82
115 16
116 28
117 58
118 141
119 79
120 22
121 28
122 63
123 26
124 13
125 13
126 19
127 18
128 28
129 108
130 39
131 13
132 17
133 13
134 32
135 79
136 12
137 14
138 10
139 50
140 131
141 25
142 9
143 46
144 38
145 71
146 52
147 10
148 10
149 12
150 66
151 45
152 18
153 17
154 35
155 12
156 35
157 75
158 103
159 29
160 10
161 10
162 10
163 104
164 63
165 32
166 26
167 37
168 19
169 39
170 37
171 68
172 47
173 58
174 50
175 29
176 45
177 51
178 74
179 30
180 41
181 26
182 26
183 26
184 26
185 26
186 26
187 64
188 28
189 9
190 22
191 9
192 99
193 86
194 16
195 28
196 16
197 79
198 29
199 5
200 26
