1 69
2 259
3 165
4 42
5 36
6 17
7 160
8 20
9 94
10 15
11 5
12 7
13 200
14 208
15 6
16 168
17 24
18 30
19 45
20 35
21 29
22 242
23 32
24 144
25 135
26 24
27 26
28 28
29 124
30 20
31 69
32 75
33 106
34 195
35 268
36 22
37 34
38 128
39 228
40 343
41 192
42 187
43 163
44 48
45 102
46 64
47 17
48 79
49 30
50 131
51 331
52 52
53 6
54 6
55 253
56 49
57 159
58 8
59 67
60 190
61 72
62 89
63 65
64 204
65 32
66 21
67 233
68 49
69 19
70 18
71 59
72 112
73 104
74 14
75 23
76 16
77 126
78 42
79 84
80 104
81 16
82 17
83 51
84 84
85 119
86 21
87 63
88 18
89 89
90 56
91 176
92 87
93 49
94 74
95 164
96 61
97 5
98 56
99 63
100 15
101 30
102 228
103 109
104 2
105 141
106 17
107 10
108 191
109 50
110 120
111 70
112 22
113 20
114 24
115 20
116 22
117 22
118 44
119 33
120 20
121 40
122 250
123 35
124 10
125 24
126 151
127 26
128 7
129 92
130 38
131 59
132 127
133 33
134 16
135 134
136 60
137 219
138 46
139 8
140 98
141 54
142 38
143 14
144 29
145 64
146 99
147 4
148 48
149 191
150 55
151 44
152 30
153 93
154 31
155 144
156 79
157 59
158 12
159 213
160 68
161 93
162 26
163 31
164 93
165 104
166 141
167 36
168 4
169 178
170 47
171 18
172 18
173 18
174 18
175 25
176 29
177 32
178 40
179 125
180 92
181 125
182 78
183 33
184 24
185 20
186 20
187 20
188 59
189 43
190 52
191 26
192 18
193 18
194 18
195 18
196 18
197 18
198 56
199 21
200 14
