1 0.12788469056089327 257
2 19.362007483716667 37
3 75.46405468607195 1
4 51.06184723881485 4
5 15.957967547881765 46
6 11.593277766807235 79
7 63.222011963242466 2
8 16.500133999820964 45
9 23.124287685554787 29
10 11.593277766807235 80
11 11.593277766807235 81
12 11.593277766807235 82
13 15.146247299776217 51
14 50.87433885969421 5
15 14.856883925539009 55
16 13.099148177913301 63
17 12.904390144971822 65
18 14.201356597732445 58
19 28.50047429658463 23
20 12.904390144971822 66
21 21.19470918184206 33
22 12.904390144971822 67
23 12.904390144971822 68
24 12.904390144971822 69
25 12.923250387025387 64
26 1.918377064204921 162
27 3.2397690818448774 140
28 0.3624353136867383 233
29 2.84129048554212 146
30 0.36272208407290996 232
31 6.132342657217285 115
32 30.483299472434066 19
33 35.52979325866178 12
34 24.23216379559909 27
35 0.15312968646546324 251
36 30.565366272107408 18
37 52.76366789061351 3
38 0.2304737424692506 239
39 0.2304737424692506 240
40 0.2304737424692506 241
41 45.27609407940904 6
42 0.3885635932512007 226
43 4.104700672600026 136
44 15.578142199675854 48
45 33.22698764593128 15
46 2.0557463729892698 158
47 1.6378266872120382 166
48 0.06846009902705621 272
49 0.06209839704386379 273
50 42.77971655912872 7
51 6.7853908916611605 106
52 32.833730851668776 16
53 0.016238271116690423 288
54 36.02409329705643 10
55 15.045495451009561 52
56 15.218740567736955 50
57 32.3437753094192 17
58 8.095124964966805 95
59 1.760650080474938 165
60 6.225637231431868 110
61 6.222508150447281 111
62 6.222508150447281 112
63 6.222508150447281 113
64 7.457342760497345 102
65 28.91138108520863 21
66 11.31235802923803 83
67 10.86688065880856 85
68 12.776512656277326 70
69 11.073344818709808 84
70 10.838728337631172 87
71 10.838728337631172 88
72 10.846552811803315 86
73 10.838728337631172 89
74 1.4949211477930686 170
75 0.02783494246546993 278
76 0.02783494246546993 279
77 0.10823502264263382 264
78 18.845824938201872 39
79 12.610763963620089 72
80 0.14551723747946455 252
81 12.003257081953283 74
82 0.14551723747946455 253
83 13.749750144544608 61
84 0.14551723747946455 254
85 0.1909644292155417 246
86 23.2701846886459 28
87 21.294985014675966 32
88 2.5501601012031974 148
89 1.193321891856963 179
90 1.193321891856963 180
91 2.115865960266706 154
92 6.313430742691255 107
93 5.775485808115972 123
94 0.007757901033566438 293
95 0.007757901033566438 294
96 0.007757901033566438 295
97 0.007757901033566438 296
98 5.234625389660213 128
99 8.684083836976834 92
100 0.12249652802660066 259
101 0.12249652802660066 260
102 0.12249652802660066 261
103 13.770059529653391 60
104 2.969707232487454 145
105 2.4332839123962695 149
106 5.895145624513787 122
107 2.4332839123962695 150
108 3.997231682239125 138
109 4.1590405719905625 135
110 24.68094806243687 26
111 11.73988927653573 78
112 0.07683050763480637 267
113 0.20715232388327684 245
114 4.681143833844193 132
115 0.11781866746601954 263
116 0.02171107182054803 284
117 0.02171107182054803 285
118 0.04606841127613555 276
119 0.22437928623400333 244
120 4.42754665575777 133
121 14.275605453017004 57
122 3.0775721482796774 143
123 0.6744695635957633 205
124 2.3370134703863985 153
125 0.6744695635957633 206
126 7.87977971482804 97
127 20.421954809489403 35
128 0.4082539300622999 224
129 1.2880158002741182 175
130 0.4082539300622999 225
131 5.6763144669678764 125
132 28.74256912349471 22
133 1.0514179724463022 186
134 0.04849970573271858 275
135 2.0578769878596472 155
136 12.6350872690694 71
137 18.34083023680576 41
138 17.040505964611604 43
139 0.3653063684112245 230
140 0.3653063684112245 231
141 0.596108771607604 211
142 22.644781814396143 30
143 22.62289699046853 31
144 0.11881971908324511 262
145 2.3439775426852423 152
146 5.223839551973611 129
147 0.12525088051659747 258
148 2.587032885866875 147
149 7.577958255197278 100
150 8.269412957184906 94
151 0.8748174999533112 194
152 0.38451445145364116 227
153 0.38451445145364116 228
154 0.38451445145364116 229
155 17.80397509278273 42
156 13.630967486282584 62
157 20.667465283613808 34
158 7.703848969425557 99
159 8.562181811552165 93
160 5.221669028610859 130
161 9.4249217367461 91
162 7.476690063328866 101
163 16.735163112300864 44
164 6.90988331490042 104
165 9.669808441461951 90
166 0.1425326379527377 255
167 0.07599789234569428 270
168 0.16947584478530459 248
169 6.846955789549881 105
170 36.624673940058976 9
171 1.0415275610273393 187
172 1.5570146735885932 169
173 0.7784066655397415 197
174 0.7784066655397415 198
175 0.7784066655397415 199
176 0.7784066655397415 200
177 0.7784066655397415 201
178 0.7784066655397415 202
179 29.127392063046866 20
180 1.201887614718299 178
181 0.01428631021436115 289
182 1.0836766865991059 185
183 0.01428631021436115 290
184 19.13936152299812 38
185 5.7142405328033 124
186 0.7339407657004369 203
187 1.0380963322760175 188
188 0.7339407657004369 204
189 7.935158375379796 96
190 2.0571740151848767 157
191 0.07615812938582964 268
192 1.9422488943287353 161
193 0.16934896113485196 249
194 0.07615812938582964 269
195 0.019899978702907144 287
196 0.13964411288776596 256
197 1.8810081881390364 163
198 1.5673138580938484 168
199 2.0572790748910768 156
200 37.596459363580976 8
201 0.9455927500314395 190
202 0.011351878420587538 291
203 12.527046405796943 73
204 0.011351878420587538 292
205 0.07482173689408404 271
206 11.925775262630525 76
207 6.161431147494235 114
208 0.7851922815816335 196
209 0.6337131565957799 208
210 0.3331126166512396 234
211 0.4848525410560106 221
212 11.781606864145322 77
213 0.5346355412157641 213
214 0.0556378240800145 274
215 0.9777580097355167 189
216 0.42396341050472997 223
217 1.4583366570345886 171
218 7.733107301405063 98
219 34.925812902265946 13
220 14.479241892667861 56
221 1.2757373510853856 176
222 1.0917132534769634 183
223 1.2550352622579974 177
224 1.0917132534769634 184
225 1.1047456398011426 182
226 6.2911789936932525 109
227 35.651576070399905 11
228 6.079003783663609 116
229 18.432584702082373 40
230 15.703448032563779 47
231 6.079003783663609 117
232 6.079003783663609 118
233 6.079003783663609 119
234 6.079003783663609 120
235 6.079003783663609 121
236 24.772716273263796 25
237 14.937503603571482 54
238 0.519913973742773 215
239 0.519913973742773 216
240 0.5332942729061702 214
241 0.519913973742773 217
242 0.519913973742773 218
243 0.08718362746353998 266
244 3.1063077799987724 142
245 34.648421831843635 14
246 0.5084683538922193 220
247 0.003954034392294693 297
248 0.2263925309414898 243
249 0.003954034392294693 298
250 14.089084076316471 59
251 2.98195762567499 144
252 1.44046740691251 172
253 0.8761620318941213 191
254 0.8761620318941213 192
255 0.8761620318941213 193
256 0.5978557847116408 210
257 0.1727656516021529 247
258 1.1055935193588544 181
259 0.16925590258162634 250
260 0.8248472082274805 195
261 20.216202575667538 36
262 0.28279874239100117 237
263 0.5198222555926212 219
264 1.8655200063342245 164
265 4.072551362485366 137
266 26.808718728556304 24
267 0.4603459012412266 222
268 0.27469951294207345 238
269 0.6298794473460153 209
270 2.4292344392742664 151
271 14.950264349250228 53
272 5.345060611046301 126
273 3.746060799102405 139
274 2.01626291415858 159
275 4.221025817672886 134
276 1.3565277837911576 173
277 5.2197695956116 131
278 1.3565277837911576 174
279 7.349836890351148 103
280 11.988984263749192 75
281 6.295094691676365 108
282 1.6377284883794794 167
283 1.9878211923690392 160
284 3.2074744599019875 141
285 0.09917961610570249 265
286 0.02057991163485147 286
287 0.3017218726129906 236
288 0.3251192136293599 235
289 15.504582702728978 49
290 0.6655319016464578 207
291 0.029431637745412735 277
292 0.027633495883403598 280
293 0.027633495883403598 281
294 0.027633495883403598 282
295 0.5747005200658434 212
296 0.027633495883403598 283
297 5.256745659175785 127
298 0.228448983137057 242
299 0.0029197610972576064 299
300 0.0029197610972576064 300
