3 0.031691045370342986
7 0.026550013219754462
37 0.022158043322521876
4 0.02144336564302671
14 0.021364621708914615
41 0.019013645074219584
50 0.017965294126396615
200 0.01578859106381154
170 0.01538049086199774
54 0.015128277692626969
227 0.014971839499896448
33 0.014920696944302585
219 0.014667056069094363
245 0.014550565999290256
45 0.01395363630257441
52 0.013788488551621812
57 0.013582732269594892
36 0.012835891383255955
32 0.012801427522512374
179 0.012232015722316528
65 0.012141302153748802
132 0.012070409759217558
19 0.011968742307402929
266 0.011258291448580851
236 0.010403274494439991
110 0.010364736536932016
34 0.010176270085970466
86 0.009772288035832865
9 0.00971101875254837
142 0.009509650798209719
143 0.009500460290876166
87 0.00894280514170975
21 0.008900694417854427
157 0.008679278932435619
127 0.008576177083393217
261 0.00848977166290232
2 0.008131053389324905
184 0.00803755346711681
78 0.007914283106607673
229 0.0077407433315956715
137 0.007702211146516179
155 0.007476759429174571
138 0.007156141422623262
163 0.007027913033274928
8 0.006929212820333327
5 0.006701530625172215
230 0.006594645439355813
44 0.006542023394970053
289 0.006511132166492327
56 0.0063910930815734
13 0.0063606496147659885
55 0.006318338988552058
271 0.006278346793869735
237 0.006272987932992901
15 0.006239131789364017
220 0.006080541439994982
121 0.005995024544900005
18 0.005963843821159312
250 0.005916695101350421
103 0.005782721099759717
83 0.005774192196196243
156 0.005724309551699452
16 0.005500972627908819
25 0.005427104547340379
17 0.005419184209782298
20 0.005419184209782298
22 0.005419184209782298
23 0.005419184209782298
24 0.005419184209782298
68 0.005365482201416575
136 0.005306090768221402
79 0.0052958762232998835
203 0.005260719128517414
81 0.005040754387748
280 0.00503476053370517
206 0.005008215984375044
212 0.00494767262666162
111 0.004930153372399751
6 0.004868584032851956
10 0.004868584032851956
11 0.004868584032851956
12 0.004868584032851956
66 0.004750612103225789
69 0.004650238772764402
67 0.004563534379712649
72 0.004554997723096403
70 0.004551711843918296
71 0.004551711843918296
73 0.004551711843918296
165 0.004060825240781233
161 0.0039579853430043626
99 0.003646871295510826
159 0.00359567867626262
150 0.003472730723288546
58 0.0033995386758711777
189 0.0033323608854724253
126 0.0033091046789063285
218 0.0032475097629201463
158 0.0032352227591263493
149 0.0031823550944758087
162 0.003139827630553747
64 0.0031317027523666665
279 0.0030865557824277436
164 0.0029017977704384017
169 0.0028753714265423135
51 0.002849517316524924
92 0.0026513181797806905
281 0.002643617975663073
226 0.0026419735826741777
60 0.0026144493929110067
61 0.0026131353388509308
62 0.0026131353388509308
63 0.0026131353388509308
207 0.002587486119766142
31 0.002575270440805391
228 0.002552870840507946
231 0.002552870840507946
232 0.002552870840507946
233 0.002552870840507946
234 0.002552870840507946
235 0.002552870840507946
106 0.0024756598121903786
93 0.00242540880611543
185 0.002399688921241403
131 0.002383761912308356
272 0.0022446522259711704
297 0.0022075644606999946
98 0.002198275078255089
146 0.0021937455777809203
160 0.002192834068922133
277 0.0021920364041583215
114 0.00196584111787513
120 0.001859343266547628
275 0.0017726150715560423
109 0.0017465844369528249
43 0.0017237644569746855
265 0.00171026339014615
108 0.0016786329746603533
273 0.0015731540431835368
27 0.0013605374027315562
284 0.0013469753123632646
244 0.0013044904782774612
122 0.001292422981873463
251 0.0012522697700359325
104 0.0012471252311170291
29 0.0011931967618519453
148 0.0010864215672167987
88 0.0010709368825338912
105 0.0010218548577526714
107 0.0010218548577526714
270 0.0010201542860438062
145 0.0009843507476681233
124 0.0009814261932944801
91 0.000888555543739586
135 0.0008642031396290916
199 0.0008639520467466152
190 0.0008639079270404898
46 0.0008633083902970454
274 0.0008467273559173437
283 0.0008347832866595679
192 0.0008156452510632296
26 0.0008056203026997467
197 0.0007899272849872855
264 0.0007834230403595316
59 0.0007393830322759938
47 0.0006878034856345323
282 0.0006877622471446197
198 0.0006581917019042283
172 0.0006538665708893186
74 0.000627790464173657
217 0.0006124268481938246
252 0.0006049226765890975
276 0.0005696723257329932
278 0.0005696723257329932
129 0.0005409007948752508
221 0.0005357444738700212
223 0.0005270506548190988
180 0.0005047313596723667
89 0.0005011341939362073
90 0.0005011341939362073
258 0.00046429276201647465
225 0.00046393669594443795
222 0.0004584637598823418
224 0.0004584637598823418
182 0.00045508881260966383
133 0.00044154180167766164
171 0.0004373883344631898
187 0.0004359473937863799
215 0.00041060838271473764
201 0.00039710061787396353
253 0.00036794326543989996
254 0.00036794326543989996
255 0.00036794326543989996
151 0.0003673786307550113
260 0.00034639366262892337
208 0.00032974062053200693
173 0.00032689100866389436
174 0.00032689100866389436
175 0.00032689100866389436
176 0.00032689100866389436
177 0.00032689100866389436
178 0.00032689100866389436
186 0.00030821760375472753
188 0.00030821760375472753
123 0.0002832427389403685
125 0.0002832427389403685
290 0.0002794893778001738
209 0.00026612713140057077
269 0.00026451716948855316
256 0.0002510688681788459
141 0.0002503352119795742
295 0.00024134484068648665
213 0.0002245195976249839
240 0.00022395633349837465
238 0.00021833729182853655
239 0.00021833729182853655
241 0.00021833729182853655
242 0.00021833729182853655
263 0.00021829877489395308
246 0.00021353071657248234
211 0.00020361328238261298
267 0.00019332174639934553
216 0.00017804296010283868
128 0.00017144578135970586
130 0.00017144578135970586
42 0.0001631768464365331
152 0.0001614764138669975
153 0.0001614764138669975
154 0.0001614764138669975
139 0.00015341000087465545
140 0.00015341000087465545
30 0.00015232473355690943
28 0.00015220430465394573
210 0.00013989027082686697
288 0.0001365334501672347
287 0.00012670776297377942
262 0.00011876101559969936
268 0.00011535975325037904
38 9.678719040011803e-05
39 9.678719040011803e-05
40 9.678719040011803e-05
298 9.593689498294883e-05
248 9.507329018324956e-05
119 9.422783031984876e-05
113 8.699338674639966e-05
85 8.019529848438355e-05
257 7.255274217820707e-05
168 7.117119148462041e-05
193 7.111790683751291e-05
259 7.107882700215766e-05
35 6.430664057889614e-05
80 6.110980114059291e-05
82 6.110980114059291e-05
84 6.110980114059291e-05
166 5.985642190716482e-05
196 5.86433890365061e-05
1 5.370503278146209e-05
147 5.2598967198876206e-05
100 5.144227995102658e-05
101 5.144227995102658e-05
102 5.144227995102658e-05
144 4.989820814721626e-05
115 4.9477817640086436e-05
77 4.545317671435541e-05
285 4.165036886626668e-05
243 3.661266685168017e-05
112 3.226488575799411e-05
191 3.198252126428919e-05
194 3.198252126428919e-05
167 3.191522989848511e-05
205 3.142130473193247e-05
48 2.8749742024198974e-05
49 2.607815239095386e-05
214 2.3365041999954056e-05
134 2.0367397182907352e-05
118 1.934637779489855e-05
291 1.2359783356373532e-05
75 1.1689252959222489e-05
76 1.1689252959222489e-05
292 1.1604655692371109e-05
293 1.1604655692371109e-05
294 1.1604655692371109e-05
296 1.1604655692371109e-05
116 9.117540330505886e-06
117 9.117540330505886e-06
286 8.64251087555332e-06
195 8.356973801184922e-06
53 6.819243795416482e-06
181 5.999519997454832e-06
183 5.999519997454832e-06
202 4.767208647375465e-06
204 4.767208647375465e-06
94 3.2579218630132954e-06
95 3.2579218630132954e-06
96 3.2579218630132954e-06
97 3.2579218630132954e-06
247 1.6604923210577907e-06
249 1.6604923210577907e-06
299 1.226150407484414e-06
300 1.226150407484414e-06
