1 9
2 182
3 197
4 98
5 52
6 25
7 290
8 110
9 48
10 20
11 20
12 20
13 67
14 198
15 46
16 29
17 27
18 53
19 140
20 27
21 86
22 27
23 27
24 27
25 30
26 43
27 88
28 17
29 54
30 20
31 126
32 151
33 87
34 10
35 5
36 253
37 60
38 20
39 20
40 20
41 55
42 26
43 52
44 86
45 336
46 52
47 27
48 16
49 8
50 102
51 31
52 91
53 23
54 86
55 109
56 47
57 261
58 31
59 10
60 15
61 10
62 10
63 10
64 35
65 202
66 30
67 25
68 31
69 28
70 22
71 22
72 32
73 22
74 45
75 7
76 7
77 16
78 120
79 51
80 19
81 33
82 19
83 63
84 19
85 26
86 98
87 161
88 25
89 8
90 8
91 16
92 94
93 110
94 15
95 15
96 15
97 15
98 81
99 28
100 7
101 7
102 7
103 110
104 33
105 16
106 105
107 16
108 32
109 85
110 195
111 98
112 25
113 30
114 88
115 28
116 14
117 14
118 20
119 19
120 39
121 156
122 50
123 13
124 19
125 13
126 46
127 114
128 12
129 14
130 10
131 67
132 193
133 28
134 9
135 53
136 46
137 108
138 61
139 10
140 10
141 12
142 108
143 78
144 21
145 22
146 46
147 12
148 46
149 111
150 147
151 31
152 10
153 10
154 10
155 139
156 76
157 65
158 33
159 49
160 21
161 49
162 41
163 76
164 55
165 72
166 72
167 40
168 55
169 65
170 85
171 31
172 51
173 26
174 26
175 26
176 26
177 26
178 26
179 110
180 34
181 9
182 24
183 9
184 131
185 117
186 16
187 29
188 16
189 98
190 37
191 9
192 36
193 15
194 9
195 6
196 16
197 27
198 20
199 26
200 175
201 23
202 16
203 56
204 16
205 20
206 54
207 132
208 31
209 24
210 18
211 48
212 52
213 37
214 12
215 33
216 14
217 19
218 89
219 170
220 49
221 36
222 24
223 29
224 24
225 28
226 109
227 105
228 32
229 45
230 55
231 32
232 32
233 32
234 32
235 32
236 107
237 34
238 13
239 13
240 19
241 13
242 13
243 23
244 28
245 180
246 14
247 8
248 11
249 8
250 60
251 61
252 36
253 18
254 18
255 18
256 35
257 20
258 29
259 12
260 16
261 53
262 29
263 38
264 63
265 83
266 137
267 38
268 21
269 35
270 43
271 54
272 56
273 69
274 34
275 92
276 28
277 68
278 28
279 73
280 123
281 55
282 19
283 26
284 78
285 26
286 32
287 57
288 60
289 85
290 26
291 17
292 15
293 12
294 12
295 27
296 12
297 144
298 8
299 5
300 5
