1 171
2 235
3 49
4 38
5 17
6 376
7 227
8 21
9 124
10 15
11 5
12 7
13 289
14 288
15 6
16 232
17 24
18 30
19 50
20 37
21 34
22 361
23 38
24 208
25 176
26 22
27 24
28 29
29 175
30 19
31 72
32 99
33 128
34 258
35 414
36 24
37 41
38 171
39 314
40 506
41 256
42 253
43 228
44 58
45 149
46 77
47 17
48 111
49 30
50 173
51 462
52 67
53 6
54 6
55 368
56 61
57 228
58 10
59 87
60 293
61 81
62 116
63 77
64 294
65 40
66 25
67 345
68 61
69 19
70 18
71 76
72 147
73 150
74 19
75 28
76 22
77 162
78 51
79 133
80 123
81 16
82 18
83 76
84 107
85 145
86 21
87 75
88 18
89 106
90 66
91 248
92 110
93 55
94 99
95 232
96 77
97 5
98 76
99 71
100 16
101 34
102 346
103 149
104 2
105 190
106 18
107 10
108 269
109 73
110 198
111 87
112 28
113 23
114 33
115 23
116 28
117 29
118 52
119 36
120 22
121 44
122 341
123 45
124 12
125 26
126 207
127 30
128 7
129 122
130 48
131 66
132 172
133 41
134 38
135 171
136 72
137 359
138 61
139 8
140 137
141 78
142 60
143 20
144 38
145 86
146 132
147 5
148 62
149 260
150 63
151 54
152 40
153 135
154 39
155 201
156 112
157 77
158 17
159 304
160 89
161 120
162 38
163 35
164 132
165 150
166 186
167 53
168 9
169 247
170 56
171 18
172 18
173 18
174 18
175 28
176 29
177 36
178 43
179 160
180 125
181 175
182 106
183 49
184 33
185 28
186 28
187 28
188 86
189 62
190 64
191 26
192 18
193 18
194 18
195 18
196 18
197 18
198 64
199 21
200 16
201 79
202 5
203 145
204 148
205 104
206 55
207 24
208 68
209 34
210 151
211 80
212 20
213 20
214 52
215 26
216 20
217 83
218 141
219 78
220 55
221 152
222 23
223 33
224 25
225 53
226 23
227 35
228 396
229 157
230 49
231 25
232 20
233 37
234 28
235 87
236 171
237 19
238 199
239 49
240 10
241 22
242 249
243 146
244 19
245 19
246 19
247 65
248 95
249 213
250 36
251 19
252 29
253 48
254 91
255 50
256 55
257 29
258 32
259 112
260 44
261 140
262 57
263 68
264 20
265 27
266 18
267 92
268 72
269 16
270 16
271 16
272 16
273 16
274 16
275 62
276 39
277 8
278 75
279 116
280 105
281 209
282 188
283 116
284 33
285 35
286 25
287 69
288 58
289 240
290 120
291 40
292 25
293 29
294 179
295 20
296 18
297 19
298 18
299 33
300 259
