1 1 1 2
1 2 1 1
1 2 1 3
1 2 1 7
1 3 1 2
1 3 1 4
1 3 1 5
1 3 1 6
1 3 1 7
1 3 1 8
1 3 1 9
1 3 1 10
1 3 1 11
1 3 1 12
1 3 1 13
1 3 1 14
1 3 1 15
1 3 1 18
1 3 1 19
1 3 1 32
1 3 1 36
1 3 1 45
1 3 1 50
1 4 1 3
1 4 1 5
1 4 1 6
1 4 1 7
1 4 1 8
1 4 1 9
1 4 1 10
1 4 1 11
1 4 1 12
1 4 1 14
1 4 1 19
1 4 1 27
1 4 1 32
1 4 1 50
1 5 1 3
1 5 1 4
1 5 1 6
1 5 1 7
1 5 1 8
1 5 1 9
1 5 1 10
1 5 1 11
1 5 1 12
1 5 1 14
1 5 1 31
1 5 1 45
1 6 1 3
1 6 1 4
1 6 1 5
1 6 1 7
1 6 1 8
1 6 1 9
1 6 1 10
1 6 1 11
1 6 1 12
1 7 1 2
1 7 1 3
1 7 1 4
1 7 1 5
1 7 1 6
1 7 1 8
1 7 1 9
1 7 1 10
1 7 1 11
1 7 1 12
1 7 1 13
1 7 1 14
1 7 1 15
1 7 1 16
1 7 1 17
1 7 1 18
1 7 1 19
1 7 1 20
1 7 1 21
1 7 1 22
1 7 1 23
1 7 1 24
1 7 1 25
1 7 1 26
1 7 1 27
1 7 1 32
1 7 1 36
1 7 1 45
1 7 1 50
1 8 1 3
1 8 1 4
1 8 1 5
1 8 1 6
1 8 1 7
1 8 1 9
1 8 1 10
1 8 1 11
1 8 1 12
1 8 1 19
1 8 1 31
1 8 1 33
1 8 1 36
1 8 1 43
1 8 1 45
1 8 1 50
1 9 1 3
1 9 1 4
1 9 1 5
1 9 1 6
1 9 1 7
1 9 1 8
1 9 1 10
1 9 1 11
1 9 1 12
1 9 1 13
1 9 1 45
1 10 1 3
1 10 1 4
1 10 1 5
1 10 1 6
1 10 1 7
1 10 1 8
1 10 1 9
1 10 1 11
1 10 1 12
1 11 1 3
1 11 1 4
1 11 1 5
1 11 1 6
1 11 1 7
1 11 1 8
1 11 1 9
1 11 1 10
1 11 1 12
1 12 1 3
1 12 1 4
1 12 1 5
1 12 1 6
1 12 1 7
1 12 1 8
1 12 1 9
1 12 1 10
1 12 1 11
1 13 1 3
1 13 1 7
1 13 1 9
1 13 1 14
1 13 1 32
1 14 1 3
1 14 1 4
1 14 1 5
1 14 1 7
1 14 1 13
1 14 1 15
1 14 1 16
1 14 1 17
1 14 1 18
1 14 1 19
1 14 1 20
1 14 1 21
1 14 1 22
1 14 1 23
1 14 1 24
1 14 1 25
1 14 1 29
1 14 1 31
1 14 1 32
1 14 1 36
1 14 1 45
1 15 1 3
1 15 1 7
1 15 1 14
1 15 1 16
1 15 1 17
1 15 1 18
1 15 1 19
1 15 1 20
1 15 1 21
1 15 1 22
1 15 1 23
1 15 1 24
1 15 1 25
1 15 1 44
1 16 1 7
1 16 1 14
1 16 1 15
1 16 1 17
1 16 1 18
1 16 1 19
1 16 1 20
1 16 1 21
1 16 1 22
1 16 1 23
1 16 1 24
1 16 1 25
1 16 1 44
1 17 1 7
1 17 1 14
1 17 1 15
1 17 1 16
1 17 1 18
1 17 1 19
1 17 1 20
1 17 1 21
1 17 1 22
1 17 1 23
1 17 1 24
1 17 1 25
1 18 1 3
1 18 1 7
1 18 1 14
1 18 1 15
1 18 1 16
1 18 1 17
1 18 1 19
1 18 1 20
1 18 1 21
1 18 1 22
1 18 1 23
1 18 1 24
1 18 1 25
1 19 1 3
1 19 1 4
1 19 1 7
1 19 1 8
1 19 1 14
1 19 1 15
1 19 1 16
1 19 1 17
1 19 1 18
1 19 1 20
1 19 1 21
1 19 1 22
1 19 1 23
1 19 1 24
1 19 1 25
1 19 1 27
1 19 1 44
1 19 1 45
1 19 1 46
1 20 1 7
1 20 1 14
1 20 1 15
1 20 1 16
1 20 1 17
1 20 1 18
1 20 1 19
1 20 1 21
1 20 1 22
1 20 1 23
1 20 1 24
1 20 1 25
1 21 1 7
1 21 1 14
1 21 1 15
1 21 1 16
1 21 1 17
1 21 1 18
1 21 1 19
1 21 1 20
1 21 1 22
1 21 1 23
1 21 1 24
1 21 1 25
1 21 1 29
1 21 1 31
1 21 1 44
1 22 1 7
1 22 1 14
1 22 1 15
1 22 1 16
1 22 1 17
1 22 1 18
1 22 1 19
1 22 1 20
1 22 1 21
1 22 1 23
1 22 1 24
1 22 1 25
1 23 1 7
1 23 1 14
1 23 1 15
1 23 1 16
1 23 1 17
1 23 1 18
1 23 1 19
1 23 1 20
1 23 1 21
1 23 1 22
1 23 1 24
1 23 1 25
1 24 1 7
1 24 1 14
1 24 1 15
1 24 1 16
1 24 1 17
1 24 1 18
1 24 1 19
1 24 1 20
1 24 1 21
1 24 1 22
1 24 1 23
1 24 1 25
1 25 1 7
1 25 1 14
1 25 1 15
1 25 1 16
1 25 1 17
1 25 1 18
1 25 1 19
1 25 1 20
1 25 1 21
1 25 1 22
1 25 1 23
1 25 1 24
1 25 1 26
1 26 1 7
1 26 1 25
1 26 1 27
1 26 1 44
1 27 1 4
1 27 1 7
1 27 1 19
1 27 1 26
1 27 1 28
1 27 1 29
1 27 1 30
1 27 1 31
1 27 1 32
1 27 1 45
1 28 1 27
1 28 1 29
1 28 1 30
1 28 1 31
1 28 1 32
1 29 1 14
1 29 1 21
1 29 1 27
1 29 1 28
1 29 1 30
1 29 1 31
1 29 1 32
1 29 1 43
1 29 1 44
1 30 1 27
1 30 1 28
1 30 1 29
1 30 1 31
1 30 1 32
1 31 1 5
1 31 1 8
1 31 1 14
1 31 1 21
1 31 1 27
1 31 1 28
1 31 1 29
1 31 1 30
1 31 1 32
1 31 1 36
1 31 1 44
1 31 1 45
1 32 1 3
1 32 1 4
1 32 1 7
1 32 1 13
1 32 1 14
1 32 1 27
1 32 1 28
1 32 1 29
1 32 1 30
1 32 1 31
1 32 1 33
1 32 1 36
1 32 1 45
1 32 1 47
1 32 1 50
1 33 1 8
1 33 1 32
1 33 1 34
1 33 1 35
1 33 1 36
1 33 1 45
1 34 1 33
1 34 1 35
1 34 1 36
1 34 1 45
1 35 1 33
1 35 1 34
1 36 1 3
1 36 1 7
1 36 1 8
1 36 1 14
1 36 1 31
1 36 1 32
1 36 1 33
1 36 1 34
1 36 1 37
1 36 1 45
1 37 1 36
1 37 1 38
1 37 1 39
1 37 1 40
1 37 1 41
1 37 1 42
1 37 1 43
1 37 1 45
1 38 1 37
1 38 1 39
1 38 1 40
1 38 1 41
1 38 1 42
1 39 1 37
1 39 1 38
1 39 1 40
1 39 1 41
1 39 1 42
1 40 1 37
1 40 1 38
1 40 1 39
1 40 1 41
1 40 1 42
1 41 1 37
1 41 1 38
1 41 1 39
1 41 1 40
1 41 1 42
1 41 1 43
1 41 1 45
1 42 1 37
1 42 1 38
1 42 1 39
1 42 1 40
1 42 1 41
1 42 1 43
1 43 1 8
1 43 1 29
1 43 1 37
1 43 1 41
1 43 1 42
1 43 1 44
1 43 1 45
1 44 1 15
1 44 1 16
1 44 1 19
1 44 1 21
1 44 1 26
1 44 1 29
1 44 1 31
1 44 1 43
1 44 1 45
1 45 1 3
1 45 1 5
1 45 1 7
1 45 1 8
1 45 1 9
1 45 1 14
1 45 1 19
1 45 1 27
1 45 1 31
1 45 1 32
1 45 1 33
1 45 1 34
1 45 1 36
1 45 1 37
1 45 1 41
1 45 1 43
1 45 1 44
1 45 1 46
1 45 1 50
1 46 1 19
1 46 1 45
1 46 1 47
1 46 1 48
1 46 1 49
1 47 1 32
1 47 1 46
1 47 1 48
1 47 1 49
1 48 1 46
1 48 1 47
1 48 1 49
1 48 1 50
1 49 1 46
1 49 1 47
1 49 1 48
1 50 1 3
1 50 1 4
1 50 1 7
1 50 1 8
1 50 1 32
1 50 1 45
1 50 1 48
2 1 2 2
2 1 2 6
2 1 2 7
2 1 2 13
2 1 2 22
2 1 2 24
2 1 2 25
2 1 2 31
2 1 2 34
2 1 2 35
2 1 2 39
2 1 2 40
2 1 2 41
2 1 2 44
2 1 2 45
2 2 2 1
2 2 2 3
2 2 2 6
2 2 2 7
2 2 2 13
2 2 2 14
2 2 2 16
2 2 2 22
2 2 2 23
2 2 2 24
2 2 2 25
2 2 2 34
2 2 2 35
2 2 2 38
2 2 2 39
2 2 2 40
2 2 2 41
2 2 2 42
2 2 2 43
2 2 2 44
2 2 2 50
2 3 2 2
2 3 2 4
2 3 2 6
2 3 2 24
2 3 2 39
2 3 2 40
2 3 2 42
2 3 2 43
2 4 2 3
2 4 2 5
2 4 2 6
2 4 2 7
2 4 2 40
2 4 2 41
2 4 2 42
2 5 2 4
2 5 2 6
2 6 2 1
2 6 2 2
2 6 2 3
2 6 2 4
2 6 2 5
2 6 2 7
2 6 2 9
2 6 2 13
2 6 2 14
2 6 2 16
2 6 2 17
2 6 2 18
2 6 2 19
2 6 2 20
2 6 2 21
2 6 2 22
2 6 2 23
2 6 2 24
2 6 2 29
2 6 2 31
2 6 2 34
2 6 2 35
2 6 2 38
2 6 2 39
2 6 2 40
2 6 2 41
2 6 2 42
2 6 2 43
2 6 2 45
2 6 2 48
2 6 2 50
2 7 2 1
2 7 2 2
2 7 2 4
2 7 2 6
2 7 2 8
2 7 2 9
2 7 2 13
2 7 2 14
2 7 2 16
2 7 2 22
2 7 2 25
2 7 2 31
2 7 2 35
2 7 2 37
2 7 2 38
2 7 2 39
2 7 2 40
2 7 2 41
2 7 2 42
2 7 2 43
2 7 2 44
2 7 2 45
2 7 2 48
2 7 2 50
2 8 2 7
2 8 2 9
2 9 2 6
2 9 2 7
2 9 2 8
2 9 2 10
2 9 2 31
2 9 2 35
2 9 2 39
2 9 2 40
2 9 2 41
2 9 2 42
2 10 2 9
2 10 2 11
2 10 2 12
2 10 2 25
2 10 2 40
2 11 2 10
2 11 2 12
2 12 2 10
2 12 2 11
2 12 2 13
2 13 2 1
2 13 2 2
2 13 2 6
2 13 2 7
2 13 2 12
2 13 2 14
2 13 2 16
2 13 2 22
2 13 2 24
2 13 2 25
2 13 2 31
2 13 2 32
2 13 2 33
2 13 2 34
2 13 2 35
2 13 2 38
2 13 2 39
2 13 2 40
2 13 2 41
2 13 2 42
2 13 2 43
2 13 2 44
2 13 2 45
2 13 2 46
2 13 2 50
2 14 2 2
2 14 2 6
2 14 2 7
2 14 2 13
2 14 2 15
2 14 2 16
2 14 2 22
2 14 2 24
2 14 2 29
2 14 2 32
2 14 2 33
2 14 2 34
2 14 2 35
2 14 2 38
2 14 2 39
2 14 2 40
2 14 2 41
2 14 2 42
2 14 2 43
2 14 2 45
2 15 2 14
2 16 2 2
2 16 2 6
2 16 2 7
2 16 2 13
2 16 2 14
2 16 2 17
2 16 2 18
2 16 2 19
2 16 2 20
2 16 2 21
2 16 2 22
2 16 2 23
2 16 2 24
2 16 2 31
2 16 2 34
2 16 2 35
2 16 2 39
2 16 2 40
2 16 2 41
2 16 2 42
2 16 2 43
2 16 2 44
2 16 2 45
2 16 2 50
2 17 2 6
2 17 2 16
2 17 2 18
2 17 2 19
2 17 2 20
2 17 2 21
2 17 2 22
2 17 2 23
2 17 2 24
2 18 2 6
2 18 2 16
2 18 2 17
2 18 2 19
2 18 2 20
2 18 2 21
2 18 2 22
2 18 2 23
2 18 2 24
2 19 2 6
2 19 2 16
2 19 2 17
2 19 2 18
2 19 2 20
2 19 2 21
2 19 2 22
2 19 2 23
2 19 2 24
2 19 2 25
2 19 2 34
2 20 2 6
2 20 2 16
2 20 2 17
2 20 2 18
2 20 2 19
2 20 2 21
2 20 2 22
2 20 2 23
2 20 2 24
2 20 2 40
2 21 2 6
2 21 2 16
2 21 2 17
2 21 2 18
2 21 2 19
2 21 2 20
2 21 2 22
2 21 2 23
2 21 2 24
2 22 2 1
2 22 2 2
2 22 2 6
2 22 2 7
2 22 2 13
2 22 2 14
2 22 2 16
2 22 2 17
2 22 2 18
2 22 2 19
2 22 2 20
2 22 2 21
2 22 2 23
2 22 2 24
2 22 2 25
2 22 2 26
2 22 2 27
2 22 2 29
2 22 2 31
2 22 2 32
2 22 2 33
2 22 2 34
2 22 2 35
2 22 2 38
2 22 2 39
2 22 2 40
2 22 2 41
2 22 2 42
2 22 2 43
2 22 2 45
2 23 2 2
2 23 2 6
2 23 2 16
2 23 2 17
2 23 2 18
2 23 2 19
2 23 2 20
2 23 2 21
2 23 2 22
2 23 2 24
2 23 2 35
2 23 2 40
2 24 2 1
2 24 2 2
2 24 2 3
2 24 2 6
2 24 2 13
2 24 2 14
2 24 2 16
2 24 2 17
2 24 2 18
2 24 2 19
2 24 2 20
2 24 2 21
2 24 2 22
2 24 2 23
2 24 2 25
2 24 2 34
2 24 2 35
2 24 2 39
2 24 2 40
2 24 2 41
2 24 2 42
2 24 2 43
2 25 2 1
2 25 2 2
2 25 2 7
2 25 2 10
2 25 2 13
2 25 2 19
2 25 2 22
2 25 2 24
2 25 2 26
2 25 2 27
2 25 2 28
2 25 2 29
2 25 2 30
2 25 2 31
2 25 2 32
2 25 2 33
2 25 2 34
2 25 2 35
2 25 2 40
2 25 2 42
2 25 2 48
2 26 2 22
2 26 2 25
2 26 2 27
2 26 2 28
2 26 2 29
2 26 2 30
2 26 2 31
2 26 2 32
2 26 2 33
2 26 2 34
2 26 2 40
2 27 2 22
2 27 2 25
2 27 2 26
2 27 2 28
2 27 2 29
2 27 2 30
2 27 2 31
2 27 2 32
2 27 2 33
2 27 2 34
2 28 2 25
2 28 2 26
2 28 2 27
2 28 2 29
2 28 2 30
2 28 2 31
2 28 2 32
2 28 2 33
2 28 2 34
2 29 2 6
2 29 2 14
2 29 2 22
2 29 2 25
2 29 2 26
2 29 2 27
2 29 2 28
2 29 2 30
2 29 2 31
2 29 2 32
2 29 2 33
2 29 2 34
2 29 2 35
2 29 2 38
2 29 2 39
2 29 2 40
2 29 2 41
2 29 2 45
2 29 2 50
2 30 2 25
2 30 2 26
2 30 2 27
2 30 2 28
2 30 2 29
2 30 2 31
2 30 2 32
2 30 2 33
2 30 2 34
2 31 2 1
2 31 2 6
2 31 2 7
2 31 2 9
2 31 2 13
2 31 2 16
2 31 2 22
2 31 2 25
2 31 2 26
2 31 2 27
2 31 2 28
2 31 2 29
2 31 2 30
2 31 2 32
2 31 2 33
2 31 2 34
2 31 2 40
2 31 2 44
2 32 2 13
2 32 2 14
2 32 2 22
2 32 2 25
2 32 2 26
2 32 2 27
2 32 2 28
2 32 2 29
2 32 2 30
2 32 2 31
2 32 2 33
2 32 2 34
2 32 2 39
2 32 2 40
2 32 2 43
2 33 2 13
2 33 2 14
2 33 2 22
2 33 2 25
2 33 2 26
2 33 2 27
2 33 2 28
2 33 2 29
2 33 2 30
2 33 2 31
2 33 2 32
2 33 2 34
2 33 2 35
2 33 2 39
2 33 2 40
2 33 2 41
2 33 2 42
2 33 2 43
2 34 2 1
2 34 2 2
2 34 2 6
2 34 2 13
2 34 2 14
2 34 2 16
2 34 2 19
2 34 2 22
2 34 2 24
2 34 2 25
2 34 2 26
2 34 2 27
2 34 2 28
2 34 2 29
2 34 2 30
2 34 2 31
2 34 2 32
2 34 2 33
2 34 2 35
2 34 2 39
2 34 2 40
2 34 2 41
2 34 2 42
2 34 2 43
2 34 2 50
2 35 2 1
2 35 2 2
2 35 2 6
2 35 2 7
2 35 2 9
2 35 2 13
2 35 2 14
2 35 2 16
2 35 2 22
2 35 2 23
2 35 2 24
2 35 2 25
2 35 2 29
2 35 2 33
2 35 2 34
2 35 2 36
2 35 2 37
2 35 2 38
2 35 2 39
2 35 2 40
2 35 2 41
2 35 2 42
2 35 2 43
2 35 2 44
2 35 2 45
2 35 2 50
2 36 2 35
2 36 2 37
2 36 2 38
2 36 2 39
2 36 2 40
2 36 2 41
2 36 2 42
2 36 2 43
2 36 2 44
2 37 2 7
2 37 2 35
2 37 2 36
2 37 2 38
2 37 2 39
2 37 2 40
2 37 2 41
2 37 2 42
2 37 2 43
2 37 2 44
2 38 2 2
2 38 2 6
2 38 2 7
2 38 2 13
2 38 2 14
2 38 2 22
2 38 2 29
2 38 2 35
2 38 2 36
2 38 2 37
2 38 2 39
2 38 2 40
2 38 2 41
2 38 2 42
2 38 2 43
2 38 2 44
2 38 2 45
2 39 2 1
2 39 2 2
2 39 2 3
2 39 2 6
2 39 2 7
2 39 2 9
2 39 2 13
2 39 2 14
2 39 2 16
2 39 2 22
2 39 2 24
2 39 2 29
2 39 2 32
2 39 2 33
2 39 2 34
2 39 2 35
2 39 2 36
2 39 2 37
2 39 2 38
2 39 2 40
2 39 2 41
2 39 2 42
2 39 2 43
2 39 2 44
2 39 2 45
2 39 2 46
2 39 2 50
2 40 2 1
2 40 2 2
2 40 2 3
2 40 2 4
2 40 2 6
2 40 2 7
2 40 2 9
2 40 2 10
2 40 2 13
2 40 2 14
2 40 2 16
2 40 2 20
2 40 2 22
2 40 2 23
2 40 2 24
2 40 2 25
2 40 2 26
2 40 2 29
2 40 2 31
2 40 2 32
2 40 2 33
2 40 2 34
2 40 2 35
2 40 2 36
2 40 2 37
2 40 2 38
2 40 2 39
2 40 2 41
2 40 2 42
2 40 2 43
2 40 2 44
2 40 2 45
2 40 2 46
2 40 2 48
2 40 2 50
2 41 2 1
2 41 2 2
2 41 2 4
2 41 2 6
2 41 2 7
2 41 2 9
2 41 2 13
2 41 2 14
2 41 2 16
2 41 2 22
2 41 2 24
2 41 2 29
2 41 2 33
2 41 2 34
2 41 2 35
2 41 2 36
2 41 2 37
2 41 2 38
2 41 2 39
2 41 2 40
2 41 2 42
2 41 2 43
2 41 2 44
2 41 2 46
2 41 2 50
2 42 2 2
2 42 2 3
2 42 2 4
2 42 2 6
2 42 2 7
2 42 2 9
2 42 2 13
2 42 2 14
2 42 2 16
2 42 2 22
2 42 2 24
2 42 2 25
2 42 2 33
2 42 2 34
2 42 2 35
2 42 2 36
2 42 2 37
2 42 2 38
2 42 2 39
2 42 2 40
2 42 2 41
2 42 2 43
2 42 2 44
2 42 2 45
2 42 2 46
2 43 2 2
2 43 2 3
2 43 2 6
2 43 2 7
2 43 2 13
2 43 2 14
2 43 2 16
2 43 2 22
2 43 2 24
2 43 2 32
2 43 2 33
2 43 2 34
2 43 2 35
2 43 2 36
2 43 2 37
2 43 2 38
2 43 2 39
2 43 2 40
2 43 2 41
2 43 2 42
2 43 2 44
2 43 2 46
2 44 2 1
2 44 2 2
2 44 2 7
2 44 2 13
2 44 2 16
2 44 2 31
2 44 2 35
2 44 2 36
2 44 2 37
2 44 2 38
2 44 2 39
2 44 2 40
2 44 2 41
2 44 2 42
2 44 2 43
2 44 2 45
2 45 2 1
2 45 2 6
2 45 2 7
2 45 2 13
2 45 2 14
2 45 2 16
2 45 2 22
2 45 2 29
2 45 2 35
2 45 2 38
2 45 2 39
2 45 2 40
2 45 2 42
2 45 2 44
2 45 2 46
2 46 2 13
2 46 2 39
2 46 2 40
2 46 2 41
2 46 2 42
2 46 2 43
2 46 2 45
2 46 2 47
2 46 2 48
2 46 2 49
2 46 2 50
2 47 2 46
2 47 2 48
2 47 2 49
2 47 2 50
2 48 2 6
2 48 2 7
2 48 2 25
2 48 2 40
2 48 2 46
2 48 2 47
2 48 2 49
2 48 2 50
2 49 2 46
2 49 2 47
2 49 2 48
2 49 2 50
2 50 2 2
2 50 2 6
2 50 2 7
2 50 2 13
2 50 2 16
2 50 2 29
2 50 2 34
2 50 2 35
2 50 2 39
2 50 2 40
2 50 2 41
2 50 2 46
2 50 2 47
2 50 2 48
2 50 2 49
1 1 2 1
1 2 2 1
1 2 2 50
1 3 2 2
1 3 2 3
1 3 2 6
1 3 2 13
1 3 2 24
1 3 2 25
1 3 2 34
1 3 2 35
1 3 2 39
1 3 2 40
1 3 2 41
1 3 2 42
1 3 2 43
1 3 2 50
1 4 2 2
1 4 2 3
1 4 2 13
1 4 2 16
1 4 2 40
1 5 2 2
1 5 2 3
1 5 2 22
1 5 2 29
1 5 2 32
1 5 2 35
1 5 2 40
1 6 2 2
1 6 2 3
1 6 2 22
1 7 2 1
1 7 2 2
1 7 2 3
1 7 2 4
1 7 2 5
1 7 2 6
1 7 2 7
1 7 2 13
1 7 2 14
1 7 2 16
1 7 2 22
1 7 2 24
1 7 2 29
1 7 2 33
1 7 2 34
1 7 2 35
1 7 2 39
1 7 2 40
1 7 2 41
1 7 2 43
1 7 2 45
1 8 2 2
1 8 2 3
1 8 2 6
1 8 2 13
1 8 2 24
1 8 2 34
1 8 2 35
1 8 2 40
1 8 2 41
1 9 2 2
1 9 2 3
1 9 2 43
1 10 2 2
1 10 2 3
1 11 2 2
1 11 2 3
1 12 2 2
1 12 2 3
1 13 2 34
1 13 2 41
1 13 2 43
1 14 2 1
1 14 2 4
1 14 2 5
1 14 2 6
1 14 2 9
1 14 2 16
1 14 2 22
1 14 2 28
1 14 2 33
1 14 2 34
1 14 2 35
1 14 2 38
1 14 2 39
1 14 2 40
1 14 2 41
1 14 2 42
1 14 2 43
1 15 2 4
1 15 2 5
1 15 2 6
1 16 2 4
1 16 2 5
1 16 2 6
1 17 2 4
1 17 2 5
1 17 2 6
1 18 2 4
1 18 2 5
1 18 2 6
1 18 2 22
1 18 2 35
1 19 2 2
1 19 2 4
1 19 2 5
1 19 2 6
1 19 2 13
1 19 2 14
1 19 2 16
1 19 2 22
1 19 2 34
1 19 2 35
1 19 2 40
1 19 2 50
1 20 2 4
1 20 2 5
1 20 2 6
1 21 2 4
1 21 2 5
1 21 2 6
1 21 2 7
1 21 2 13
1 21 2 20
1 21 2 35
1 21 2 39
1 21 2 40
1 21 2 42
1 22 2 4
1 22 2 5
1 22 2 6
1 23 2 4
1 23 2 5
1 23 2 6
1 24 2 4
1 24 2 5
1 24 2 6
1 25 2 4
1 25 2 5
1 25 2 6
1 26 2 14
1 26 2 22
1 26 2 38
1 26 2 39
1 26 2 42
1 26 2 45
1 27 2 2
1 27 2 6
1 27 2 7
1 27 2 8
1 27 2 13
1 27 2 16
1 27 2 22
1 27 2 25
1 27 2 32
1 27 2 34
1 27 2 35
1 27 2 39
1 27 2 40
1 28 2 7
1 28 2 8
1 28 2 40
1 29 2 6
1 29 2 7
1 29 2 8
1 29 2 14
1 29 2 35
1 29 2 38
1 29 2 39
1 29 2 40
1 29 2 42
1 30 2 7
1 30 2 8
1 30 2 31
1 30 2 40
1 31 2 6
1 31 2 7
1 31 2 8
1 31 2 10
1 31 2 11
1 31 2 12
1 31 2 13
1 31 2 14
1 31 2 16
1 31 2 22
1 31 2 24
1 31 2 25
1 31 2 28
1 31 2 29
1 31 2 31
1 31 2 34
1 31 2 35
1 31 2 39
1 31 2 40
1 31 2 41
1 31 2 42
1 31 2 43
1 31 2 50
1 32 2 2
1 32 2 6
1 32 2 7
1 32 2 8
1 32 2 13
1 32 2 14
1 32 2 16
1 32 2 22
1 32 2 32
1 32 2 34
1 32 2 35
1 32 2 38
1 32 2 39
1 32 2 40
1 32 2 50
1 33 2 6
1 33 2 40
1 33 2 46
1 33 2 48
1 36 2 1
1 36 2 2
1 36 2 6
1 36 2 9
1 36 2 13
1 36 2 16
1 36 2 18
1 36 2 22
1 36 2 24
1 36 2 25
1 36 2 29
1 36 2 32
1 36 2 34
1 36 2 35
1 36 2 38
1 36 2 40
1 36 2 41
1 36 2 42
1 36 2 43
1 36 2 46
1 36 2 48
1 36 2 49
1 36 2 50
1 37 2 2
1 37 2 6
1 37 2 13
1 37 2 14
1 37 2 16
1 37 2 17
1 37 2 18
1 37 2 19
1 37 2 20
1 37 2 21
1 37 2 22
1 37 2 23
1 37 2 24
1 37 2 34
1 37 2 35
1 37 2 40
1 37 2 41
1 37 2 50
1 38 2 6
1 38 2 16
1 38 2 17
1 38 2 18
1 38 2 19
1 38 2 20
1 38 2 21
1 38 2 22
1 38 2 23
1 38 2 24
1 39 2 6
1 39 2 16
1 39 2 17
1 39 2 18
1 39 2 19
1 39 2 20
1 39 2 21
1 39 2 22
1 39 2 23
1 39 2 24
1 40 2 6
1 40 2 16
1 40 2 17
1 40 2 18
1 40 2 19
1 40 2 20
1 40 2 21
1 40 2 22
1 40 2 23
1 40 2 24
1 41 2 6
1 41 2 16
1 41 2 17
1 41 2 18
1 41 2 19
1 41 2 20
1 41 2 21
1 41 2 22
1 41 2 23
1 41 2 24
1 41 2 35
1 41 2 40
1 41 2 46
1 42 2 6
1 42 2 16
1 42 2 17
1 42 2 18
1 42 2 19
1 42 2 20
1 42 2 21
1 42 2 22
1 42 2 23
1 42 2 24
1 42 2 40
1 43 2 20
1 43 2 21
1 43 2 22
1 43 2 35
1 43 2 38
1 43 2 40
1 44 2 2
1 44 2 6
1 44 2 7
1 44 2 13
1 44 2 14
1 44 2 22
1 44 2 35
1 44 2 39
1 44 2 40
1 44 2 42
1 44 2 43
1 45 2 1
1 45 2 2
1 45 2 3
1 45 2 6
1 45 2 7
1 45 2 8
1 45 2 9
1 45 2 13
1 45 2 14
1 45 2 16
1 45 2 18
1 45 2 22
1 45 2 24
1 45 2 25
1 45 2 28
1 45 2 29
1 45 2 32
1 45 2 34
1 45 2 35
1 45 2 38
1 45 2 39
1 45 2 40
1 45 2 41
1 45 2 42
1 45 2 43
1 45 2 46
1 45 2 48
1 45 2 50
1 46 2 6
1 46 2 7
1 46 2 13
1 46 2 14
1 46 2 15
1 46 2 22
1 46 2 34
1 46 2 39
1 46 2 40
1 46 2 46
1 47 2 14
1 47 2 15
1 47 2 16
1 47 2 35
1 47 2 43
1 48 2 6
1 48 2 14
1 48 2 15
1 49 2 14
1 49 2 15
1 50 2 6
1 50 2 8
1 50 2 14
1 50 2 22
1 50 2 34
1 50 2 35
1 50 2 39
1 50 2 40
1 50 2 45
