1 0.158609092890892 45
2 1.3776404603306054 35
3 12.523334725177609 2
4 11.088723402043213 6
5 11.29611350465097 4
6 10.098142599730041 7
7 16.63227127608447 1
8 11.982494460247441 3
9 11.222907687059736 5
10 10.098142599730041 8
11 10.098142599730041 9
12 10.098142599730041 10
13 1.93258677796938 31
14 9.219588389054655 11
15 7.654014372578653 13
16 7.228065412970609 16
17 6.855334794497214 18
18 7.2749647574589975 15
19 8.904113498446737 12
20 6.855334794497214 19
21 7.40674467264299 14
22 6.855334794497214 20
23 6.855334794497214 21
24 6.855334794497214 22
25 7.086215251278911 17
26 1.0417550076444622 38
27 2.790919781883813 28
28 0.49142076586348 40
29 1.2964185935534502 37
30 0.49142076586348 41
31 2.1431184226954927 30
32 4.123170863159738 25
33 1.8992491631298576 32
34 1.8497180680769592 33
35 0.30780667757613 42
36 3.8616264362276786 27
37 4.158349467770914 24
38 0.031879787077952484 47
39 0.031879787077952484 48
40 0.031879787077952484 49
41 4.10948449854467 26
42 0.21689854340016432 44
43 1.310844790894333 36
44 1.489483782714992 34
45 5.887758458244625 23
46 0.5657548478072094 39
47 0.25678263985141125 43
48 0.11460682152492584 46
49 0.015565958681411782 50
50 2.5183434439753705 29
