7 0.06687852021677586
3 0.05035644745667075
8 0.048181723632619834
5 0.045421779313934145
9 0.045127418028545495
4 0.04458786174851085
6 0.04060472696708684
10 0.04060472696708684
11 0.04060472696708684
12 0.04060472696708684
14 0.037072052170910745
19 0.03580352464997352
15 0.030776864233331706
21 0.02978259042961363
18 0.02925270214343168
16 0.029064119435366412
25 0.028493738592667427
17 0.027565366090786962
20 0.027565366090786962
22 0.027565366090786962
23 0.027565366090786962
24 0.027565366090786962
45 0.023674732485117648
37 0.01672076256648255
32 0.01657930906439415
41 0.016524276062742763
36 0.015527636448320834
27 0.011222314857532648
50 0.010126282823012102
31 0.008617499461139582
13 0.0077709497251253505
33 0.00763689886033276
34 0.00743773385833947
44 0.005989228387472247
2 0.005539505329626808
43 0.005270919310637916
29 0.0052129114345939075
26 0.00418890674539788
46 0.0022749055976028346
28 0.0019760075505743757
30 0.0019760075505743757
35 0.0012376935637608264
47 0.0010325254251542346
42 0.0008721510958419179
1 0.0006377686636653513
48 0.00046083511404460377
38 0.00012818892556575005
39 0.00012818892556575005
40 0.00012818892556575005
49 6.259086718151291e-05
